25
13
5.433645185324489 5.6117198789675875 7.55778406677513 2.77308492477241 4.759254143245559 3.663140728937397 3.765634076752547 6.890464425566683 2.7511815643464894 1.59705979850474 7.6947384620921335 0.8792041856133315 
1.7424408167854666 4.874033237473873 4.418608378211403 3.965476011779673 5.201047971322704 5.703200855659917 3.2281573691503986 2.737900655611888 4.692003836315567 3.9113808303462365 5.057993673384736 
3.1540608744918064 3.7416841128026825 2.569844353263443 4.197618372363071 4.700234036726256 1.6197839362087791 2.9402720962523174 4.431252644569026 2.4061587645041227 4.997479364639738 
4.913501806247761 2.8501228043717695 4.578176492884476 4.916960443200656 1.7418381095842403 5.420747180970536 6.025255181318051 1.5282997088267751 6.740719546161228 
2.064000968992022 1.1257886124846 1.502131818450032 4.589651402884535 2.155226206225229 1.1761802582937706 5.326631205555722 1.9018412131405713 
1.8917980864775186 2.338482413874434 2.781726082848559 3.0532114240582824 3.1941978648793827 3.4168552793467852 3.9178182704153097 
0.5077400909914437 4.668972049605778 3.226205201161264 2.1260291625469305 5.304790288032129 2.7903404810166084 
5.119814449762801 3.6506711711683906 2.32331659487036 5.729101151140552 2.918938163099725 
4.384164686687762 5.520806100561764 0.8222530024268687 6.17362940254758 
2.016035713969371 5.206342286096834 2.3203448019637083 
6.298317235579675 0.7280109889280517 
6.963476143421475 

0 1 1 1 0 1 1 1 1 2 1 1 1 
1 0 1 1 0 1 1 1 1 1 1 1 1 
1 1 0 1 0 1 1 1 1 1 1 1 1 
1 1 1 0 0 1 1 1 1 3 1 1 1 
0 0 0 0 0 0 0 0 0 0 0 0 0 
1 1 1 1 0 0 1 1 1 2 1 1 1 
1 1 1 1 0 1 0 1 1 2 1 1 1 
1 1 1 1 0 1 1 0 1 1 1 1 1 
1 1 1 1 0 1 1 1 0 2 1 2 1 
1 1 1 2 0 1 1 1 1 0 1 1 1 
2 1 1 2 0 2 1 1 1 5 0 2 1 
1 1 1 2 0 1 1 1 1 3 1 0 1 
1 1 1 1 0 1 1 1 1 1 1 1 0 
13
5.433645185324489 5.6117198789675875 7.55778406677513 2.77308492477241 4.759254143245559 3.663140728937397 3.765634076752547 6.890464425566683 2.7511815643464894 1.59705979850474 7.6947384620921335 0.8792041856133315 
1.7424408167854666 4.874033237473873 4.418608378211403 3.965476011779673 5.201047971322704 5.703200855659917 3.2281573691503986 2.737900655611888 4.692003836315567 3.9113808303462365 5.057993673384736 
3.1540608744918064 3.7416841128026825 2.569844353263443 4.197618372363071 4.700234036726256 1.6197839362087791 2.9402720962523174 4.431252644569026 2.4061587645041227 4.997479364639738 
4.913501806247761 2.8501228043717695 4.578176492884476 4.916960443200656 1.7418381095842403 5.420747180970536 6.025255181318051 1.5282997088267751 6.740719546161228 
2.064000968992022 1.1257886124846 1.502131818450032 4.589651402884535 2.155226206225229 1.1761802582937706 5.326631205555722 1.9018412131405713 
1.8917980864775186 2.338482413874434 2.781726082848559 3.0532114240582824 3.1941978648793827 3.4168552793467852 3.9178182704153097 
0.5077400909914437 4.668972049605778 3.226205201161264 2.1260291625469305 5.304790288032129 2.7903404810166084 
5.119814449762801 3.6506711711683906 2.32331659487036 5.729101151140552 2.918938163099725 
4.384164686687762 5.520806100561764 0.8222530024268687 6.17362940254758 
2.016035713969371 5.206342286096834 2.3203448019637083 
6.298317235579675 0.7280109889280517 
6.963476143421475 

0 1 1 1 0 1 1 1 1 3 1 1 1 
1 0 1 1 0 1 1 1 1 1 1 1 1 
1 1 0 1 0 1 1 1 1 2 1 1 1 
2 1 1 0 0 1 1 1 1 4 1 1 1 
0 0 0 0 0 0 0 0 0 0 0 0 0 
1 1 1 1 0 0 1 1 1 2 1 1 1 
1 1 1 1 0 1 0 1 1 3 1 1 1 
1 1 1 1 0 1 1 0 1 1 1 1 1 
1 1 1 1 0 1 1 1 0 2 1 2 1 
2 1 1 2 0 2 2 1 2 0 2 2 1 
2 1 1 1 0 1 1 1 1 4 0 1 1 
1 1 1 2 0 1 1 1 1 4 1 0 1 
1 1 1 1 0 1 1 1 1 1 1 1 0 
13
5.433645185324489 5.6117198789675875 7.55778406677513 2.77308492477241 4.759254143245559 3.663140728937397 3.765634076752547 6.890464425566683 2.7511815643464894 1.59705979850474 7.6947384620921335 0.8792041856133315 
1.7424408167854666 4.874033237473873 4.418608378211403 3.965476011779673 5.201047971322704 5.703200855659917 3.2281573691503986 2.737900655611888 4.692003836315567 3.9113808303462365 5.057993673384736 
3.1540608744918064 3.7416841128026825 2.569844353263443 4.197618372363071 4.700234036726256 1.6197839362087791 2.9402720962523174 4.431252644569026 2.4061587645041227 4.997479364639738 
4.913501806247761 2.8501228043717695 4.578176492884476 4.916960443200656 1.7418381095842403 5.420747180970536 6.025255181318051 1.5282997088267751 6.740719546161228 
2.064000968992022 1.1257886124846 1.502131818450032 4.589651402884535 2.155226206225229 1.1761802582937706 5.326631205555722 1.9018412131405713 
1.8917980864775186 2.338482413874434 2.781726082848559 3.0532114240582824 3.1941978648793827 3.4168552793467852 3.9178182704153097 
0.5077400909914437 4.668972049605778 3.226205201161264 2.1260291625469305 5.304790288032129 2.7903404810166084 
5.119814449762801 3.6506711711683906 2.32331659487036 5.729101151140552 2.918938163099725 
4.384164686687762 5.520806100561764 0.8222530024268687 6.17362940254758 
2.016035713969371 5.206342286096834 2.3203448019637083 
6.298317235579675 0.7280109889280517 
6.963476143421475 

0 1 1 2 0 1 1 1 1 3 1 1 1 
1 0 1 1 0 1 1 1 1 1 1 1 1 
1 1 0 1 0 1 1 1 1 2 1 1 1 
1 1 1 0 0 1 1 1 1 4 1 1 1 
0 0 0 0 0 0 0 0 0 0 0 0 0 
1 1 1 1 0 0 1 1 1 2 1 1 1 
1 1 1 1 0 1 0 1 1 3 1 1 1 
1 1 1 1 0 1 1 0 1 1 1 1 1 
1 1 1 1 0 1 1 1 0 3 1 2 1 
2 1 1 2 0 2 2 1 2 0 2 2 1 
1 1 1 1 0 1 1 1 1 2 0 1 1 
1 1 1 2 0 1 1 1 1 3 1 0 1 
1 1 1 1 0 1 1 1 1 1 1 1 0 
13
5.433645185324489 5.6117198789675875 7.55778406677513 2.77308492477241 4.759254143245559 3.663140728937397 3.765634076752547 6.890464425566683 2.7511815643464894 1.59705979850474 7.6947384620921335 0.8792041856133315 
1.7424408167854666 4.874033237473873 4.418608378211403 3.965476011779673 5.201047971322704 5.703200855659917 3.2281573691503986 2.737900655611888 4.692003836315567 3.9113808303462365 5.057993673384736 
3.1540608744918064 3.7416841128026825 2.569844353263443 4.197618372363071 4.700234036726256 1.6197839362087791 2.9402720962523174 4.431252644569026 2.4061587645041227 4.997479364639738 
4.913501806247761 2.8501228043717695 4.578176492884476 4.916960443200656 1.7418381095842403 5.420747180970536 6.025255181318051 1.5282997088267751 6.740719546161228 
2.064000968992022 1.1257886124846 1.502131818450032 4.589651402884535 2.155226206225229 1.1761802582937706 5.326631205555722 1.9018412131405713 
1.8917980864775186 2.338482413874434 2.781726082848559 3.0532114240582824 3.1941978648793827 3.4168552793467852 3.9178182704153097 
0.5077400909914437 4.668972049605778 3.226205201161264 2.1260291625469305 5.304790288032129 2.7903404810166084 
5.119814449762801 3.6506711711683906 2.32331659487036 5.729101151140552 2.918938163099725 
4.384164686687762 5.520806100561764 0.8222530024268687 6.17362940254758 
2.016035713969371 5.206342286096834 2.3203448019637083 
6.298317235579675 0.7280109889280517 
6.963476143421475 

0 1 1 2 0 1 1 1 1 3 1 1 1 
1 0 1 1 0 1 1 1 1 1 1 1 1 
1 1 0 1 0 1 1 1 1 1 1 1 1 
1 1 1 0 0 1 1 1 1 3 1 1 1 
0 0 0 0 0 0 0 0 0 0 0 0 0 
1 1 1 1 0 0 1 1 1 2 1 1 1 
1 1 1 1 0 1 0 1 1 2 1 1 1 
1 1 1 1 0 1 1 0 1 1 1 1 1 
1 1 1 1 0 1 1 1 0 3 1 2 1 
2 1 1 2 0 2 2 1 2 0 2 2 1 
1 1 1 1 0 1 1 1 1 2 0 1 1 
1 1 1 2 0 1 1 1 1 3 1 0 1 
1 1 1 1 0 1 1 1 1 1 1 1 0 
13
5.433645185324489 5.6117198789675875 7.55778406677513 2.77308492477241 4.759254143245559 3.663140728937397 3.765634076752547 6.890464425566683 2.7511815643464894 1.59705979850474 7.6947384620921335 0.8792041856133315 
1.7424408167854666 4.874033237473873 4.418608378211403 3.965476011779673 5.201047971322704 5.703200855659917 3.2281573691503986 2.737900655611888 4.692003836315567 3.9113808303462365 5.057993673384736 
3.1540608744918064 3.7416841128026825 2.569844353263443 4.197618372363071 4.700234036726256 1.6197839362087791 2.9402720962523174 4.431252644569026 2.4061587645041227 4.997479364639738 
4.913501806247761 2.8501228043717695 4.578176492884476 4.916960443200656 1.7418381095842403 5.420747180970536 6.025255181318051 1.5282997088267751 6.740719546161228 
2.064000968992022 1.1257886124846 1.502131818450032 4.589651402884535 2.155226206225229 1.1761802582937706 5.326631205555722 1.9018412131405713 
1.8917980864775186 2.338482413874434 2.781726082848559 3.0532114240582824 3.1941978648793827 3.4168552793467852 3.9178182704153097 
0.5077400909914437 4.668972049605778 3.226205201161264 2.1260291625469305 5.304790288032129 2.7903404810166084 
5.119814449762801 3.6506711711683906 2.32331659487036 5.729101151140552 2.918938163099725 
4.384164686687762 5.520806100561764 0.8222530024268687 6.17362940254758 
2.016035713969371 5.206342286096834 2.3203448019637083 
6.298317235579675 0.7280109889280517 
6.963476143421475 

0 1 1 2 0 1 1 1 1 3 1 1 1 
1 0 1 1 0 1 1 1 1 1 1 1 1 
1 1 0 1 0 1 1 1 1 2 1 1 1 
2 1 1 0 0 1 1 1 1 3 1 2 1 
0 0 0 0 0 0 0 0 0 0 0 0 0 
1 1 1 1 0 0 1 1 1 2 1 1 1 
1 1 1 1 0 1 0 1 1 3 1 1 1 
1 1 1 1 0 1 1 0 1 1 1 1 1 
1 1 1 2 0 1 1 1 0 3 1 2 1 
2 1 1 2 0 2 2 1 2 0 2 2 1 
1 1 1 1 0 1 1 1 1 2 0 1 1 
1 1 1 2 0 1 1 1 1 3 1 0 1 
1 1 1 1 0 1 1 1 1 1 1 1 0 
14
5.433645185324489 5.6117198789675875 7.55778406677513 2.77308492477241 4.759254143245559 3.663140728937397 3.765634076752547 6.890464425566683 2.7511815643464894 1.59705979850474 7.6947384620921335 0.8792041856133315 5.004837659704857 
1.7424408167854666 4.874033237473873 4.418608378211403 3.965476011779673 5.201047971322704 5.703200855659917 3.2281573691503986 2.737900655611888 4.692003836315567 3.9113808303462365 5.057993673384736 2.653695536417091 
3.1540608744918064 3.7416841128026825 2.569844353263443 4.197618372363071 4.700234036726256 1.6197839362087791 2.9402720962523174 4.431252644569026 2.4061587645041227 4.997479364639738 1.1853269591129676 
4.913501806247761 2.8501228043717695 4.578176492884476 4.916960443200656 1.7418381095842403 5.420747180970536 6.025255181318051 1.5282997088267751 6.740719546161228 2.8096441055763677 
2.064000968992022 1.1257886124846 1.502131818450032 4.589651402884535 2.155226206225229 1.1761802582937706 5.326631205555722 1.9018412131405713 2.7523081222857297 
1.8917980864775186 2.338482413874434 2.781726082848559 3.0532114240582824 3.1941978648793827 3.4168552793467852 3.9178182704153097 1.3892803892663315 
0.5077400909914437 4.668972049605778 3.226205201161264 2.1260291625469305 5.304790288032129 2.7903404810166084 3.0549959083442335 
5.119814449762801 3.6506711711683906 2.32331659487036 5.729101151140552 2.918938163099725 3.5503802613241313 
4.384164686687762 5.520806100561764 0.8222530024268687 6.17362940254758 1.8951780918953238 
2.016035713969371 5.206342286096834 2.3203448019637083 2.626823176386257 
6.298317235579675 0.7280109889280517 3.628911682584738 
6.963476143421475 2.690464643885886 
4.278527784179974 

0 1 1 1 0 1 1 1 1 2 1 1 1 2 
1 0 1 1 0 1 1 1 1 1 1 1 1 1 
1 1 0 1 0 1 1 1 1 1 1 1 1 1 
1 1 1 0 0 1 1 1 1 3 1 1 1 2 
0 0 0 0 0 0 0 0 0 0 0 0 0 0 
1 1 1 1 0 0 1 1 1 2 1 1 1 2 
1 1 1 1 0 1 0 1 1 2 1 1 1 2 
1 1 1 1 0 1 1 0 1 1 1 1 1 1 
1 1 1 1 0 1 1 1 0 2 1 2 1 2 
1 1 1 2 0 1 1 1 1 0 1 1 1 2 
2 1 1 2 0 2 1 1 1 5 0 2 1 4 
1 1 1 2 0 1 1 1 1 3 1 0 1 2 
1 1 1 1 0 1 1 1 1 1 1 1 0 1 
1 1 1 2 0 1 1 1 1 2 1 2 1 0 
14
5.433645185324489 5.6117198789675875 7.55778406677513 2.77308492477241 4.759254143245559 3.663140728937397 3.765634076752547 6.890464425566683 2.7511815643464894 1.59705979850474 7.6947384620921335 0.8792041856133315 5.004837659704857 
1.7424408167854666 4.874033237473873 4.418608378211403 3.965476011779673 5.201047971322704 5.703200855659917 3.2281573691503986 2.737900655611888 4.692003836315567 3.9113808303462365 5.057993673384736 2.653695536417091 
3.1540608744918064 3.7416841128026825 2.569844353263443 4.197618372363071 4.700234036726256 1.6197839362087791 2.9402720962523174 4.431252644569026 2.4061587645041227 4.997479364639738 1.1853269591129676 
4.913501806247761 2.8501228043717695 4.578176492884476 4.916960443200656 1.7418381095842403 5.420747180970536 6.025255181318051 1.5282997088267751 6.740719546161228 2.8096441055763677 
2.064000968992022 1.1257886124846 1.502131818450032 4.589651402884535 2.155226206225229 1.1761802582937706 5.326631205555722 1.9018412131405713 2.7523081222857297 
1.8917980864775186 2.338482413874434 2.781726082848559 3.0532114240582824 3.1941978648793827 3.4168552793467852 3.9178182704153097 1.3892803892663315 
0.5077400909914437 4.668972049605778 3.226205201161264 2.1260291625469305 5.304790288032129 2.7903404810166084 3.0549959083442335 
5.119814449762801 3.6506711711683906 2.32331659487036 5.729101151140552 2.918938163099725 3.5503802613241313 
4.384164686687762 5.520806100561764 0.8222530024268687 6.17362940254758 1.8951780918953238 
2.016035713969371 5.206342286096834 2.3203448019637083 2.626823176386257 
6.298317235579675 0.7280109889280517 3.628911682584738 
6.963476143421475 2.690464643885886 
4.278527784179974 

0 1 1 1 0 1 1 1 1 3 1 1 1 2 
1 0 1 1 0 1 1 1 1 1 1 1 1 1 
1 1 0 1 0 1 1 1 1 2 1 1 1 1 
2 1 1 0 0 1 1 1 1 4 1 1 1 2 
0 0 0 0 0 0 0 0 0 0 0 0 0 0 
1 1 1 1 0 0 1 1 1 2 1 1 1 1 
1 1 1 1 0 1 0 1 1 3 1 1 1 2 
1 1 1 1 0 1 1 0 1 1 1 1 1 1 
1 1 1 1 0 1 1 1 0 2 1 2 1 2 
2 1 1 2 0 2 2 1 2 0 2 2 1 2 
2 1 1 1 0 1 1 1 1 4 0 1 1 3 
1 1 1 2 0 1 1 1 1 4 1 0 1 2 
1 1 1 1 0 1 1 1 1 1 1 1 0 1 
1 1 1 1 0 1 1 1 1 3 1 1 1 0 
14
5.433645185324489 5.6117198789675875 7.55778406677513 2.77308492477241 4.759254143245559 3.663140728937397 3.765634076752547 6.890464425566683 2.7511815643464894 1.59705979850474 7.6947384620921335 0.8792041856133315 5.004837659704857 
1.7424408167854666 4.874033237473873 4.418608378211403 3.965476011779673 5.201047971322704 5.703200855659917 3.2281573691503986 2.737900655611888 4.692003836315567 3.9113808303462365 5.057993673384736 2.653695536417091 
3.1540608744918064 3.7416841128026825 2.569844353263443 4.197618372363071 4.700234036726256 1.6197839362087791 2.9402720962523174 4.431252644569026 2.4061587645041227 4.997479364639738 1.1853269591129676 
4.913501806247761 2.8501228043717695 4.578176492884476 4.916960443200656 1.7418381095842403 5.420747180970536 6.025255181318051 1.5282997088267751 6.740719546161228 2.8096441055763677 
2.064000968992022 1.1257886124846 1.502131818450032 4.589651402884535 2.155226206225229 1.1761802582937706 5.326631205555722 1.9018412131405713 2.7523081222857297 
1.8917980864775186 2.338482413874434 2.781726082848559 3.0532114240582824 3.1941978648793827 3.4168552793467852 3.9178182704153097 1.3892803892663315 
0.5077400909914437 4.668972049605778 3.226205201161264 2.1260291625469305 5.304790288032129 2.7903404810166084 3.0549959083442335 
5.119814449762801 3.6506711711683906 2.32331659487036 5.729101151140552 2.918938163099725 3.5503802613241313 
4.384164686687762 5.520806100561764 0.8222530024268687 6.17362940254758 1.8951780918953238 
2.016035713969371 5.206342286096834 2.3203448019637083 2.626823176386257 
6.298317235579675 0.7280109889280517 3.628911682584738 
6.963476143421475 2.690464643885886 
4.278527784179974 

0 1 1 2 0 1 1 1 1 3 1 1 1 2 
1 0 1 1 0 1 1 1 1 1 1 1 1 1 
1 1 0 1 0 1 1 1 1 2 1 1 1 1 
1 1 1 0 0 1 1 1 1 4 1 1 1 2 
0 0 0 0 0 0 0 0 0 0 0 0 0 0 
1 1 1 1 0 0 1 1 1 2 1 1 1 1 
1 1 1 1 0 1 0 1 1 3 1 1 1 2 
1 1 1 1 0 1 1 0 1 1 1 1 1 1 
1 1 1 1 0 1 1 1 0 3 1 2 1 2 
2 1 1 2 0 2 2 1 2 0 2 2 1 2 
1 1 1 1 0 1 1 1 1 2 0 1 1 1 
1 1 1 2 0 1 1 1 1 3 1 0 1 2 
1 1 1 1 0 1 1 1 1 1 1 1 0 1 
1 1 1 1 0 1 1 1 1 2 1 1 1 0 
14
5.433645185324489 5.6117198789675875 7.55778406677513 2.77308492477241 4.759254143245559 3.663140728937397 3.765634076752547 6.890464425566683 2.7511815643464894 1.59705979850474 7.6947384620921335 0.8792041856133315 5.004837659704857 
1.7424408167854666 4.874033237473873 4.418608378211403 3.965476011779673 5.201047971322704 5.703200855659917 3.2281573691503986 2.737900655611888 4.692003836315567 3.9113808303462365 5.057993673384736 2.653695536417091 
3.1540608744918064 3.7416841128026825 2.569844353263443 4.197618372363071 4.700234036726256 1.6197839362087791 2.9402720962523174 4.431252644569026 2.4061587645041227 4.997479364639738 1.1853269591129676 
4.913501806247761 2.8501228043717695 4.578176492884476 4.916960443200656 1.7418381095842403 5.420747180970536 6.025255181318051 1.5282997088267751 6.740719546161228 2.8096441055763677 
2.064000968992022 1.1257886124846 1.502131818450032 4.589651402884535 2.155226206225229 1.1761802582937706 5.326631205555722 1.9018412131405713 2.7523081222857297 
1.8917980864775186 2.338482413874434 2.781726082848559 3.0532114240582824 3.1941978648793827 3.4168552793467852 3.9178182704153097 1.3892803892663315 
0.5077400909914437 4.668972049605778 3.226205201161264 2.1260291625469305 5.304790288032129 2.7903404810166084 3.0549959083442335 
5.119814449762801 3.6506711711683906 2.32331659487036 5.729101151140552 2.918938163099725 3.5503802613241313 
4.384164686687762 5.520806100561764 0.8222530024268687 6.17362940254758 1.8951780918953238 
2.016035713969371 5.206342286096834 2.3203448019637083 2.626823176386257 
6.298317235579675 0.7280109889280517 3.628911682584738 
6.963476143421475 2.690464643885886 
4.278527784179974 

0 1 1 2 0 1 1 1 1 3 1 1 1 2 
1 0 1 1 0 1 1 1 1 1 1 1 1 1 
1 1 0 1 0 1 1 1 1 1 1 1 1 1 
1 1 1 0 0 1 1 1 1 3 1 1 1 2 
0 0 0 0 0 0 0 0 0 0 0 0 0 0 
1 1 1 1 0 0 1 1 1 2 1 1 1 1 
1 1 1 1 0 1 0 1 1 2 1 1 1 2 
1 1 1 1 0 1 1 0 1 1 1 1 1 1 
1 1 1 1 0 1 1 1 0 3 1 2 1 2 
2 1 1 2 0 2 2 1 2 0 2 2 1 2 
1 1 1 1 0 1 1 1 1 2 0 1 1 1 
1 1 1 2 0 1 1 1 1 3 1 0 1 2 
1 1 1 1 0 1 1 1 1 1 1 1 0 1 
1 1 1 1 0 1 1 1 1 2 1 1 1 0 
14
5.433645185324489 5.6117198789675875 7.55778406677513 2.77308492477241 4.759254143245559 3.663140728937397 3.765634076752547 6.890464425566683 2.7511815643464894 1.59705979850474 7.6947384620921335 0.8792041856133315 5.004837659704857 
1.7424408167854666 4.874033237473873 4.418608378211403 3.965476011779673 5.201047971322704 5.703200855659917 3.2281573691503986 2.737900655611888 4.692003836315567 3.9113808303462365 5.057993673384736 2.653695536417091 
3.1540608744918064 3.7416841128026825 2.569844353263443 4.197618372363071 4.700234036726256 1.6197839362087791 2.9402720962523174 4.431252644569026 2.4061587645041227 4.997479364639738 1.1853269591129676 
4.913501806247761 2.8501228043717695 4.578176492884476 4.916960443200656 1.7418381095842403 5.420747180970536 6.025255181318051 1.5282997088267751 6.740719546161228 2.8096441055763677 
2.064000968992022 1.1257886124846 1.502131818450032 4.589651402884535 2.155226206225229 1.1761802582937706 5.326631205555722 1.9018412131405713 2.7523081222857297 
1.8917980864775186 2.338482413874434 2.781726082848559 3.0532114240582824 3.1941978648793827 3.4168552793467852 3.9178182704153097 1.3892803892663315 
0.5077400909914437 4.668972049605778 3.226205201161264 2.1260291625469305 5.304790288032129 2.7903404810166084 3.0549959083442335 
5.119814449762801 3.6506711711683906 2.32331659487036 5.729101151140552 2.918938163099725 3.5503802613241313 
4.384164686687762 5.520806100561764 0.8222530024268687 6.17362940254758 1.8951780918953238 
2.016035713969371 5.206342286096834 2.3203448019637083 2.626823176386257 
6.298317235579675 0.7280109889280517 3.628911682584738 
6.963476143421475 2.690464643885886 
4.278527784179974 

0 1 1 2 0 1 1 1 1 3 1 1 1 2 
1 0 1 1 0 1 1 1 1 1 1 1 1 1 
1 1 0 1 0 1 1 1 1 2 1 1 1 1 
2 1 1 0 0 1 1 1 1 3 1 2 1 3 
0 0 0 0 0 0 0 0 0 0 0 0 0 0 
1 1 1 1 0 0 1 1 1 2 1 1 1 2 
1 1 1 1 0 1 0 1 1 3 1 1 1 2 
1 1 1 1 0 1 1 0 1 1 1 1 1 1 
1 1 1 2 0 1 1 1 0 3 1 2 1 2 
2 1 1 2 0 2 2 1 2 0 2 2 1 2 
1 1 1 1 0 1 1 1 1 2 0 1 1 1 
1 1 1 2 0 1 1 1 1 3 1 0 1 2 
1 1 1 1 0 1 1 1 1 1 1 1 0 1 
1 1 1 1 0 1 1 1 1 3 1 1 1 0 
15
5.433645185324489 5.6117198789675875 7.55778406677513 2.77308492477241 4.759254143245559 3.663140728937397 3.765634076752547 6.890464425566683 2.7511815643464894 1.59705979850474 7.6947384620921335 0.8792041856133315 5.004837659704857 1.2043255373859691 
1.7424408167854666 4.874033237473873 4.418608378211403 3.965476011779673 5.201047971322704 5.703200855659917 3.2281573691503986 2.737900655611888 4.692003836315567 3.9113808303462365 5.057993673384736 2.653695536417091 4.98510782230435 
3.1540608744918064 3.7416841128026825 2.569844353263443 4.197618372363071 4.700234036726256 1.6197839362087791 2.9402720962523174 4.431252644569026 2.4061587645041227 4.997479364639738 1.1853269591129676 4.819315304065507 
4.913501806247761 2.8501228043717695 4.578176492884476 4.916960443200656 1.7418381095842403 5.420747180970536 6.025255181318051 1.5282997088267751 6.740719546161228 2.8096441055763677 6.457592430619946 
2.064000968992022 1.1257886124846 1.502131818450032 4.589651402884535 2.155226206225229 1.1761802582937706 5.326631205555722 1.9018412131405713 2.7523081222857297 1.5895911424010891 
1.8917980864775186 2.338482413874434 2.781726082848559 3.0532114240582824 3.1941978648793827 3.4168552793467852 3.9178182704153097 1.3892803892663315 3.6239895143336174 
0.5077400909914437 4.668972049605778 3.226205201161264 2.1260291625469305 5.304790288032129 2.7903404810166084 3.0549959083442335 2.4640211038057274 
5.119814449762801 3.6506711711683906 2.32331659487036 5.729101151140552 2.918938163099725 3.5503802613241313 2.5999999999999988 
4.384164686687762 5.520806100561764 0.8222530024268687 6.17362940254758 1.8951780918953238 5.942432162002357 
2.016035713969371 5.206342286096834 2.3203448019637083 2.626823176386257 2.263139412409232 
6.298317235579675 0.7280109889280517 3.628911682584738 0.4328972164382675 
6.963476143421475 2.690464643885886 6.7237638269052855 
4.278527784179974 0.3264965543462907 
4.048555297880961 

0 1 1 1 0 1 1 1 1 2 1 1 1 2 2 
1 0 1 1 0 1 1 1 1 1 1 1 1 1 1 
1 1 0 1 0 1 1 1 1 1 1 1 1 1 1 
1 1 1 0 0 1 1 1 1 3 1 1 1 2 1 
0 0 0 0 0 0 0 0 0 0 0 0 0 0 0 
1 1 1 1 0 0 1 1 1 2 1 1 1 2 1 
1 1 1 1 0 1 0 1 1 2 1 1 1 2 1 
1 1 1 1 0 1 1 0 1 1 1 1 1 1 1 
1 1 1 1 0 1 1 1 0 2 1 2 1 2 1 
1 1 1 2 0 1 1 1 1 0 1 1 1 2 1 
2 1 1 2 0 2 1 1 1 5 0 2 1 4 2 
1 1 1 2 0 1 1 1 1 3 1 0 1 2 1 
1 1 1 1 0 1 1 1 1 1 1 1 0 1 1 
1 1 1 2 0 1 1 1 1 2 1 2 1 0 1 
5 1 1 4 0 3 3 2 2 5 4 2 2 4 0 
15
5.433645185324489 5.6117198789675875 7.55778406677513 2.77308492477241 4.759254143245559 3.663140728937397 3.765634076752547 6.890464425566683 2.7511815643464894 1.59705979850474 7.6947384620921335 0.8792041856133315 5.004837659704857 1.2043255373859691 
1.7424408167854666 4.874033237473873 4.418608378211403 3.965476011779673 5.201047971322704 5.703200855659917 3.2281573691503986 2.737900655611888 4.692003836315567 3.9113808303462365 5.057993673384736 2.653695536417091 4.98510782230435 
3.1540608744918064 3.7416841128026825 2.569844353263443 4.197618372363071 4.700234036726256 1.6197839362087791 2.9402720962523174 4.431252644569026 2.4061587645041227 4.997479364639738 1.1853269591129676 4.819315304065507 
4.913501806247761 2.8501228043717695 4.578176492884476 4.916960443200656 1.7418381095842403 5.420747180970536 6.025255181318051 1.5282997088267751 6.740719546161228 2.8096441055763677 6.457592430619946 
2.064000968992022 1.1257886124846 1.502131818450032 4.589651402884535 2.155226206225229 1.1761802582937706 5.326631205555722 1.9018412131405713 2.7523081222857297 1.5895911424010891 
1.8917980864775186 2.338482413874434 2.781726082848559 3.0532114240582824 3.1941978648793827 3.4168552793467852 3.9178182704153097 1.3892803892663315 3.6239895143336174 
0.5077400909914437 4.668972049605778 3.226205201161264 2.1260291625469305 5.304790288032129 2.7903404810166084 3.0549959083442335 2.4640211038057274 
5.119814449762801 3.6506711711683906 2.32331659487036 5.729101151140552 2.918938163099725 3.5503802613241313 2.5999999999999988 
4.384164686687762 5.520806100561764 0.8222530024268687 6.17362940254758 1.8951780918953238 5.942432162002357 
2.016035713969371 5.206342286096834 2.3203448019637083 2.626823176386257 2.263139412409232 
6.298317235579675 0.7280109889280517 3.628911682584738 0.4328972164382675 
6.963476143421475 2.690464643885886 6.7237638269052855 
4.278527784179974 0.3264965543462907 
4.048555297880961 

0 1 1 1 0 1 1 1 1 3 1 1 1 2 2 
1 0 1 1 0 1 1 1 1 1 1 1 1 1 1 
1 1 0 1 0 1 1 1 1 2 1 1 1 1 1 
2 1 1 0 0 1 1 1 1 4 1 1 1 2 1 
0 0 0 0 0 0 0 0 0 0 0 0 0 0 0 
1 1 1 1 0 0 1 1 1 2 1 1 1 1 1 
1 1 1 1 0 1 0 1 1 3 1 1 1 2 1 
1 1 1 1 0 1 1 0 1 1 1 1 1 1 1 
1 1 1 1 0 1 1 1 0 2 1 2 1 2 1 
2 1 1 2 0 2 2 1 2 0 2 2 1 2 2 
2 1 1 1 0 1 1 1 1 4 0 1 1 3 1 
1 1 1 2 0 1 1 1 1 4 1 0 1 2 1 
1 1 1 1 0 1 1 1 1 1 1 1 0 1 1 
1 1 1 1 0 1 1 1 1 3 1 1 1 0 1 
4 1 1 2 0 2 2 1 1 4 2 1 1 4 0 
15
5.433645185324489 5.6117198789675875 7.55778406677513 2.77308492477241 4.759254143245559 3.663140728937397 3.765634076752547 6.890464425566683 2.7511815643464894 1.59705979850474 7.6947384620921335 0.8792041856133315 5.004837659704857 1.2043255373859691 
1.7424408167854666 4.874033237473873 4.418608378211403 3.965476011779673 5.201047971322704 5.703200855659917 3.2281573691503986 2.737900655611888 4.692003836315567 3.9113808303462365 5.057993673384736 2.653695536417091 4.98510782230435 
3.1540608744918064 3.7416841128026825 2.569844353263443 4.197618372363071 4.700234036726256 1.6197839362087791 2.9402720962523174 4.431252644569026 2.4061587645041227 4.997479364639738 1.1853269591129676 4.819315304065507 
4.913501806247761 2.8501228043717695 4.578176492884476 4.916960443200656 1.7418381095842403 5.420747180970536 6.025255181318051 1.5282997088267751 6.740719546161228 2.8096441055763677 6.457592430619946 
2.064000968992022 1.1257886124846 1.502131818450032 4.589651402884535 2.155226206225229 1.1761802582937706 5.326631205555722 1.9018412131405713 2.7523081222857297 1.5895911424010891 
1.8917980864775186 2.338482413874434 2.781726082848559 3.0532114240582824 3.1941978648793827 3.4168552793467852 3.9178182704153097 1.3892803892663315 3.6239895143336174 
0.5077400909914437 4.668972049605778 3.226205201161264 2.1260291625469305 5.304790288032129 2.7903404810166084 3.0549959083442335 2.4640211038057274 
5.119814449762801 3.6506711711683906 2.32331659487036 5.729101151140552 2.918938163099725 3.5503802613241313 2.5999999999999988 
4.384164686687762 5.520806100561764 0.8222530024268687 6.17362940254758 1.8951780918953238 5.942432162002357 
2.016035713969371 5.206342286096834 2.3203448019637083 2.626823176386257 2.263139412409232 
6.298317235579675 0.7280109889280517 3.628911682584738 0.4328972164382675 
6.963476143421475 2.690464643885886 6.7237638269052855 
4.278527784179974 0.3264965543462907 
4.048555297880961 

0 1 1 2 0 1 1 1 1 3 1 1 1 2 1 
1 0 1 1 0 1 1 1 1 1 1 1 1 1 1 
1 1 0 1 0 1 1 1 1 2 1 1 1 1 1 
1 1 1 0 0 1 1 1 1 4 1 1 1 2 1 
0 0 0 0 0 0 0 0 0 0 0 0 0 0 0 
1 1 1 1 0 0 1 1 1 2 1 1 1 1 1 
1 1 1 1 0 1 0 1 1 3 1 1 1 2 1 
1 1 1 1 0 1 1 0 1 1 1 1 1 1 1 
1 1 1 1 0 1 1 1 0 3 1 2 1 2 1 
2 1 1 2 0 2 2 1 2 0 2 2 1 2 2 
1 1 1 1 0 1 1 1 1 2 0 1 1 1 1 
1 1 1 2 0 1 1 1 1 3 1 0 1 2 1 
1 1 1 1 0 1 1 1 1 1 1 1 0 1 1 
1 1 1 1 0 1 1 1 1 2 1 1 1 0 1 
2 1 1 1 0 1 1 1 1 2 1 1 1 1 0 
15
5.433645185324489 5.6117198789675875 7.55778406677513 2.77308492477241 4.759254143245559 3.663140728937397 3.765634076752547 6.890464425566683 2.7511815643464894 1.59705979850474 7.6947384620921335 0.8792041856133315 5.004837659704857 1.2043255373859691 
1.7424408167854666 4.874033237473873 4.418608378211403 3.965476011779673 5.201047971322704 5.703200855659917 3.2281573691503986 2.737900655611888 4.692003836315567 3.9113808303462365 5.057993673384736 2.653695536417091 4.98510782230435 
3.1540608744918064 3.7416841128026825 2.569844353263443 4.197618372363071 4.700234036726256 1.6197839362087791 2.9402720962523174 4.431252644569026 2.4061587645041227 4.997479364639738 1.1853269591129676 4.819315304065507 
4.913501806247761 2.8501228043717695 4.578176492884476 4.916960443200656 1.7418381095842403 5.420747180970536 6.025255181318051 1.5282997088267751 6.740719546161228 2.8096441055763677 6.457592430619946 
2.064000968992022 1.1257886124846 1.502131818450032 4.589651402884535 2.155226206225229 1.1761802582937706 5.326631205555722 1.9018412131405713 2.7523081222857297 1.5895911424010891 
1.8917980864775186 2.338482413874434 2.781726082848559 3.0532114240582824 3.1941978648793827 3.4168552793467852 3.9178182704153097 1.3892803892663315 3.6239895143336174 
0.5077400909914437 4.668972049605778 3.226205201161264 2.1260291625469305 5.304790288032129 2.7903404810166084 3.0549959083442335 2.4640211038057274 
5.119814449762801 3.6506711711683906 2.32331659487036 5.729101151140552 2.918938163099725 3.5503802613241313 2.5999999999999988 
4.384164686687762 5.520806100561764 0.8222530024268687 6.17362940254758 1.8951780918953238 5.942432162002357 
2.016035713969371 5.206342286096834 2.3203448019637083 2.626823176386257 2.263139412409232 
6.298317235579675 0.7280109889280517 3.628911682584738 0.4328972164382675 
6.963476143421475 2.690464643885886 6.7237638269052855 
4.278527784179974 0.3264965543462907 
4.048555297880961 

0 1 1 2 0 1 1 1 1 3 1 1 1 2 1 
1 0 1 1 0 1 1 1 1 1 1 1 1 1 1 
1 1 0 1 0 1 1 1 1 1 1 1 1 1 1 
1 1 1 0 0 1 1 1 1 3 1 1 1 2 1 
0 0 0 0 0 0 0 0 0 0 0 0 0 0 0 
1 1 1 1 0 0 1 1 1 2 1 1 1 1 1 
1 1 1 1 0 1 0 1 1 2 1 1 1 2 1 
1 1 1 1 0 1 1 0 1 1 1 1 1 1 1 
1 1 1 1 0 1 1 1 0 3 1 2 1 2 1 
2 1 1 2 0 2 2 1 2 0 2 2 1 2 2 
1 1 1 1 0 1 1 1 1 2 0 1 1 1 1 
1 1 1 2 0 1 1 1 1 3 1 0 1 2 1 
1 1 1 1 0 1 1 1 1 1 1 1 0 1 1 
1 1 1 1 0 1 1 1 1 2 1 1 1 0 1 
2 1 1 1 0 1 1 1 1 2 1 1 1 1 0 
15
5.433645185324489 5.6117198789675875 7.55778406677513 2.77308492477241 4.759254143245559 3.663140728937397 3.765634076752547 6.890464425566683 2.7511815643464894 1.59705979850474 7.6947384620921335 0.8792041856133315 5.004837659704857 1.2043255373859691 
1.7424408167854666 4.874033237473873 4.418608378211403 3.965476011779673 5.201047971322704 5.703200855659917 3.2281573691503986 2.737900655611888 4.692003836315567 3.9113808303462365 5.057993673384736 2.653695536417091 4.98510782230435 
3.1540608744918064 3.7416841128026825 2.569844353263443 4.197618372363071 4.700234036726256 1.6197839362087791 2.9402720962523174 4.431252644569026 2.4061587645041227 4.997479364639738 1.1853269591129676 4.819315304065507 
4.913501806247761 2.8501228043717695 4.578176492884476 4.916960443200656 1.7418381095842403 5.420747180970536 6.025255181318051 1.5282997088267751 6.740719546161228 2.8096441055763677 6.457592430619946 
2.064000968992022 1.1257886124846 1.502131818450032 4.589651402884535 2.155226206225229 1.1761802582937706 5.326631205555722 1.9018412131405713 2.7523081222857297 1.5895911424010891 
1.8917980864775186 2.338482413874434 2.781726082848559 3.0532114240582824 3.1941978648793827 3.4168552793467852 3.9178182704153097 1.3892803892663315 3.6239895143336174 
0.5077400909914437 4.668972049605778 3.226205201161264 2.1260291625469305 5.304790288032129 2.7903404810166084 3.0549959083442335 2.4640211038057274 
5.119814449762801 3.6506711711683906 2.32331659487036 5.729101151140552 2.918938163099725 3.5503802613241313 2.5999999999999988 
4.384164686687762 5.520806100561764 0.8222530024268687 6.17362940254758 1.8951780918953238 5.942432162002357 
2.016035713969371 5.206342286096834 2.3203448019637083 2.626823176386257 2.263139412409232 
6.298317235579675 0.7280109889280517 3.628911682584738 0.4328972164382675 
6.963476143421475 2.690464643885886 6.7237638269052855 
4.278527784179974 0.3264965543462907 
4.048555297880961 

0 1 1 2 0 1 1 1 1 3 1 1 1 2 2 
1 0 1 1 0 1 1 1 1 1 1 1 1 1 1 
1 1 0 1 0 1 1 1 1 2 1 1 1 1 1 
2 1 1 0 0 1 1 1 1 3 1 2 1 3 1 
0 0 0 0 0 0 0 0 0 0 0 0 0 0 0 
1 1 1 1 0 0 1 1 1 2 1 1 1 2 1 
1 1 1 1 0 1 0 1 1 3 1 1 1 2 1 
1 1 1 1 0 1 1 0 1 1 1 1 1 1 1 
1 1 1 2 0 1 1 1 0 3 1 2 1 2 1 
2 1 1 2 0 2 2 1 2 0 2 2 1 2 2 
1 1 1 1 0 1 1 1 1 2 0 1 1 1 1 
1 1 1 2 0 1 1 1 1 3 1 0 1 2 1 
1 1 1 1 0 1 1 1 1 1 1 1 0 1 1 
1 1 1 1 0 1 1 1 1 3 1 1 1 0 1 
2 1 1 1 0 1 1 1 1 2 1 1 1 2 0 
16
5.433645185324489 5.6117198789675875 7.55778406677513 2.77308492477241 4.759254143245559 3.663140728937397 3.765634076752547 6.890464425566683 2.7511815643464894 1.59705979850474 7.6947384620921335 0.8792041856133315 5.004837659704857 1.2043255373859691 5.263857900817616 
1.7424408167854666 4.874033237473873 4.418608378211403 3.965476011779673 5.201047971322704 5.703200855659917 3.2281573691503986 2.737900655611888 4.692003836315567 3.9113808303462365 5.057993673384736 2.653695536417091 4.98510782230435 6.601219584288957 
3.1540608744918064 3.7416841128026825 2.569844353263443 4.197618372363071 4.700234036726256 1.6197839362087791 2.9402720962523174 4.431252644569026 2.4061587645041227 4.997479364639738 1.1853269591129676 4.819315304065507 5.291993953133359 
4.913501806247761 2.8501228043717695 4.578176492884476 4.916960443200656 1.7418381095842403 5.420747180970536 6.025255181318051 1.5282997088267751 6.740719546161228 2.8096441055763677 6.457592430619946 4.537190760812246 
2.064000968992022 1.1257886124846 1.502131818450032 4.589651402884535 2.155226206225229 1.1761802582937706 5.326631205555722 1.9018412131405713 2.7523081222857297 1.5895911424010891 2.8905708778717085 
1.8917980864775186 2.338482413874434 2.781726082848559 3.0532114240582824 3.1941978648793827 3.4168552793467852 3.9178182704153097 1.3892803892663315 3.6239895143336174 2.7221498856602317 
0.5077400909914437 4.668972049605778 3.226205201161264 2.1260291625469305 5.304790288032129 2.7903404810166084 3.0549959083442335 2.4640211038057274 1.7651062290978443 
5.119814449762801 3.6506711711683906 2.32331659487036 5.729101151140552 2.918938163099725 3.5503802613241313 2.5999999999999988 1.5065855435387692 
4.384164686687762 5.520806100561764 0.8222530024268687 6.17362940254758 1.8951780918953238 5.942432162002357 5.249314240927095 
2.016035713969371 5.206342286096834 2.3203448019637083 2.626823176386257 2.263139412409232 4.945139027368191 
6.298317235579675 0.7280109889280517 3.628911682584738 0.4328972164382675 3.8246045547219687 
6.963476143421475 2.690464643885886 6.7237638269052855 5.6838367323490235 
4.278527784179974 0.3264965543462907 4.424115730855153 
4.048555297880961 4.110012165432122 
4.106214801980045 

0 1 1 1 0 1 1 1 1 2 1 1 1 2 2 1 
1 0 1 1 0 1 1 1 1 1 1 1 1 1 1 1 
1 1 0 1 0 1 1 1 1 1 1 1 1 1 1 1 
1 1 1 0 0 1 1 1 1 3 1 1 1 2 1 1 
0 0 0 0 0 0 0 0 0 0 0 0 0 0 0 0 
1 1 1 1 0 0 1 1 1 2 1 1 1 2 1 1 
1 1 1 1 0 1 0 1 1 2 1 1 1 2 1 1 
1 1 1 1 0 1 1 0 1 1 1 1 1 1 1 1 
1 1 1 1 0 1 1 1 0 2 1 2 1 2 1 1 
1 1 1 2 0 1 1 1 1 0 1 1 1 2 1 1 
2 1 1 2 0 2 1 1 1 5 0 2 1 4 2 1 
1 1 1 2 0 1 1 1 1 3 1 0 1 2 1 1 
1 1 1 1 0 1 1 1 1 1 1 1 0 1 1 1 
1 1 1 2 0 1 1 1 1 2 1 2 1 0 1 1 
5 1 1 4 0 3 3 2 2 5 4 2 2 4 0 1 
1 1 1 1 0 1 1 1 1 1 1 1 1 1 1 0 
16
5.433645185324489 5.6117198789675875 7.55778406677513 2.77308492477241 4.759254143245559 3.663140728937397 3.765634076752547 6.890464425566683 2.7511815643464894 1.59705979850474 7.6947384620921335 0.8792041856133315 5.004837659704857 1.2043255373859691 5.263857900817616 
1.7424408167854666 4.874033237473873 4.418608378211403 3.965476011779673 5.201047971322704 5.703200855659917 3.2281573691503986 2.737900655611888 4.692003836315567 3.9113808303462365 5.057993673384736 2.653695536417091 4.98510782230435 6.601219584288957 
3.1540608744918064 3.7416841128026825 2.569844353263443 4.197618372363071 4.700234036726256 1.6197839362087791 2.9402720962523174 4.431252644569026 2.4061587645041227 4.997479364639738 1.1853269591129676 4.819315304065507 5.291993953133359 
4.913501806247761 2.8501228043717695 4.578176492884476 4.916960443200656 1.7418381095842403 5.420747180970536 6.025255181318051 1.5282997088267751 6.740719546161228 2.8096441055763677 6.457592430619946 4.537190760812246 
2.064000968992022 1.1257886124846 1.502131818450032 4.589651402884535 2.155226206225229 1.1761802582937706 5.326631205555722 1.9018412131405713 2.7523081222857297 1.5895911424010891 2.8905708778717085 
1.8917980864775186 2.338482413874434 2.781726082848559 3.0532114240582824 3.1941978648793827 3.4168552793467852 3.9178182704153097 1.3892803892663315 3.6239895143336174 2.7221498856602317 
0.5077400909914437 4.668972049605778 3.226205201161264 2.1260291625469305 5.304790288032129 2.7903404810166084 3.0549959083442335 2.4640211038057274 1.7651062290978443 
5.119814449762801 3.6506711711683906 2.32331659487036 5.729101151140552 2.918938163099725 3.5503802613241313 2.5999999999999988 1.5065855435387692 
4.384164686687762 5.520806100561764 0.8222530024268687 6.17362940254758 1.8951780918953238 5.942432162002357 5.249314240927095 
2.016035713969371 5.206342286096834 2.3203448019637083 2.626823176386257 2.263139412409232 4.945139027368191 
6.298317235579675 0.7280109889280517 3.628911682584738 0.4328972164382675 3.8246045547219687 
6.963476143421475 2.690464643885886 6.7237638269052855 5.6838367323490235 
4.278527784179974 0.3264965543462907 4.424115730855153 
4.048555297880961 4.110012165432122 
4.106214801980045 

0 1 1 1 0 1 1 1 1 3 1 1 1 2 2 1 
1 0 1 1 0 1 1 1 1 1 1 1 1 1 1 1 
1 1 0 1 0 1 1 1 1 2 1 1 1 1 1 1 
2 1 1 0 0 1 1 1 1 4 1 1 1 2 1 1 
0 0 0 0 0 0 0 0 0 0 0 0 0 0 0 0 
1 1 1 1 0 0 1 1 1 2 1 1 1 1 1 1 
1 1 1 1 0 1 0 1 1 3 1 1 1 2 1 1 
1 1 1 1 0 1 1 0 1 1 1 1 1 1 1 1 
1 1 1 1 0 1 1 1 0 2 1 2 1 2 1 1 
2 1 1 2 0 2 2 1 2 0 2 2 1 2 2 1 
2 1 1 1 0 1 1 1 1 4 0 1 1 3 1 1 
1 1 1 2 0 1 1 1 1 4 1 0 1 2 1 1 
1 1 1 1 0 1 1 1 1 1 1 1 0 1 1 1 
1 1 1 1 0 1 1 1 1 3 1 1 1 0 1 1 
4 1 1 2 0 2 2 1 1 4 2 1 1 4 0 1 
1 1 1 1 0 1 1 1 1 1 1 1 1 1 1 0 
16
5.433645185324489 5.6117198789675875 7.55778406677513 2.77308492477241 4.759254143245559 3.663140728937397 3.765634076752547 6.890464425566683 2.7511815643464894 1.59705979850474 7.6947384620921335 0.8792041856133315 5.004837659704857 1.2043255373859691 5.263857900817616 
1.7424408167854666 4.874033237473873 4.418608378211403 3.965476011779673 5.201047971322704 5.703200855659917 3.2281573691503986 2.737900655611888 4.692003836315567 3.9113808303462365 5.057993673384736 2.653695536417091 4.98510782230435 6.601219584288957 
3.1540608744918064 3.7416841128026825 2.569844353263443 4.197618372363071 4.700234036726256 1.6197839362087791 2.9402720962523174 4.431252644569026 2.4061587645041227 4.997479364639738 1.1853269591129676 4.819315304065507 5.291993953133359 
4.913501806247761 2.8501228043717695 4.578176492884476 4.916960443200656 1.7418381095842403 5.420747180970536 6.025255181318051 1.5282997088267751 6.740719546161228 2.8096441055763677 6.457592430619946 4.537190760812246 
2.064000968992022 1.1257886124846 1.502131818450032 4.589651402884535 2.155226206225229 1.1761802582937706 5.326631205555722 1.9018412131405713 2.7523081222857297 1.5895911424010891 2.8905708778717085 
1.8917980864775186 2.338482413874434 2.781726082848559 3.0532114240582824 3.1941978648793827 3.4168552793467852 3.9178182704153097 1.3892803892663315 3.6239895143336174 2.7221498856602317 
0.5077400909914437 4.668972049605778 3.226205201161264 2.1260291625469305 5.304790288032129 2.7903404810166084 3.0549959083442335 2.4640211038057274 1.7651062290978443 
5.119814449762801 3.6506711711683906 2.32331659487036 5.729101151140552 2.918938163099725 3.5503802613241313 2.5999999999999988 1.5065855435387692 
4.384164686687762 5.520806100561764 0.8222530024268687 6.17362940254758 1.8951780918953238 5.942432162002357 5.249314240927095 
2.016035713969371 5.206342286096834 2.3203448019637083 2.626823176386257 2.263139412409232 4.945139027368191 
6.298317235579675 0.7280109889280517 3.628911682584738 0.4328972164382675 3.8246045547219687 
6.963476143421475 2.690464643885886 6.7237638269052855 5.6838367323490235 
4.278527784179974 0.3264965543462907 4.424115730855153 
4.048555297880961 4.110012165432122 
4.106214801980045 

0 1 1 2 0 1 1 1 1 3 1 1 1 2 1 1 
1 0 1 1 0 1 1 1 1 1 1 1 1 1 1 1 
1 1 0 1 0 1 1 1 1 2 1 1 1 1 1 1 
1 1 1 0 0 1 1 1 1 4 1 1 1 2 1 1 
0 0 0 0 0 0 0 0 0 0 0 0 0 0 0 0 
1 1 1 1 0 0 1 1 1 2 1 1 1 1 1 1 
1 1 1 1 0 1 0 1 1 3 1 1 1 2 1 1 
1 1 1 1 0 1 1 0 1 1 1 1 1 1 1 1 
1 1 1 1 0 1 1 1 0 3 1 2 1 2 1 1 
2 1 1 2 0 2 2 1 2 0 2 2 1 2 2 1 
1 1 1 1 0 1 1 1 1 2 0 1 1 1 1 1 
1 1 1 2 0 1 1 1 1 3 1 0 1 2 1 1 
1 1 1 1 0 1 1 1 1 1 1 1 0 1 1 1 
1 1 1 1 0 1 1 1 1 2 1 1 1 0 1 1 
2 1 1 1 0 1 1 1 1 2 1 1 1 1 0 1 
1 1 1 1 0 1 1 1 1 1 1 1 1 1 1 0 
16
5.433645185324489 5.6117198789675875 7.55778406677513 2.77308492477241 4.759254143245559 3.663140728937397 3.765634076752547 6.890464425566683 2.7511815643464894 1.59705979850474 7.6947384620921335 0.8792041856133315 5.004837659704857 1.2043255373859691 5.263857900817616 
1.7424408167854666 4.874033237473873 4.418608378211403 3.965476011779673 5.201047971322704 5.703200855659917 3.2281573691503986 2.737900655611888 4.692003836315567 3.9113808303462365 5.057993673384736 2.653695536417091 4.98510782230435 6.601219584288957 
3.1540608744918064 3.7416841128026825 2.569844353263443 4.197618372363071 4.700234036726256 1.6197839362087791 2.9402720962523174 4.431252644569026 2.4061587645041227 4.997479364639738 1.1853269591129676 4.819315304065507 5.291993953133359 
4.913501806247761 2.8501228043717695 4.578176492884476 4.916960443200656 1.7418381095842403 5.420747180970536 6.025255181318051 1.5282997088267751 6.740719546161228 2.8096441055763677 6.457592430619946 4.537190760812246 
2.064000968992022 1.1257886124846 1.502131818450032 4.589651402884535 2.155226206225229 1.1761802582937706 5.326631205555722 1.9018412131405713 2.7523081222857297 1.5895911424010891 2.8905708778717085 
1.8917980864775186 2.338482413874434 2.781726082848559 3.0532114240582824 3.1941978648793827 3.4168552793467852 3.9178182704153097 1.3892803892663315 3.6239895143336174 2.7221498856602317 
0.5077400909914437 4.668972049605778 3.226205201161264 2.1260291625469305 5.304790288032129 2.7903404810166084 3.0549959083442335 2.4640211038057274 1.7651062290978443 
5.119814449762801 3.6506711711683906 2.32331659487036 5.729101151140552 2.918938163099725 3.5503802613241313 2.5999999999999988 1.5065855435387692 
4.384164686687762 5.520806100561764 0.8222530024268687 6.17362940254758 1.8951780918953238 5.942432162002357 5.249314240927095 
2.016035713969371 5.206342286096834 2.3203448019637083 2.626823176386257 2.263139412409232 4.945139027368191 
6.298317235579675 0.7280109889280517 3.628911682584738 0.4328972164382675 3.8246045547219687 
6.963476143421475 2.690464643885886 6.7237638269052855 5.6838367323490235 
4.278527784179974 0.3264965543462907 4.424115730855153 
4.048555297880961 4.110012165432122 
4.106214801980045 

0 1 1 2 0 1 1 1 1 3 1 1 1 2 1 1 
1 0 1 1 0 1 1 1 1 1 1 1 1 1 1 1 
1 1 0 1 0 1 1 1 1 1 1 1 1 1 1 1 
1 1 1 0 0 1 1 1 1 3 1 1 1 2 1 1 
0 0 0 0 0 0 0 0 0 0 0 0 0 0 0 0 
1 1 1 1 0 0 1 1 1 2 1 1 1 1 1 1 
1 1 1 1 0 1 0 1 1 2 1 1 1 2 1 1 
1 1 1 1 0 1 1 0 1 1 1 1 1 1 1 1 
1 1 1 1 0 1 1 1 0 3 1 2 1 2 1 1 
2 1 1 2 0 2 2 1 2 0 2 2 1 2 2 1 
1 1 1 1 0 1 1 1 1 2 0 1 1 1 1 1 
1 1 1 2 0 1 1 1 1 3 1 0 1 2 1 1 
1 1 1 1 0 1 1 1 1 1 1 1 0 1 1 1 
1 1 1 1 0 1 1 1 1 2 1 1 1 0 1 1 
2 1 1 1 0 1 1 1 1 2 1 1 1 1 0 1 
1 1 1 1 0 1 1 1 1 1 1 1 1 1 1 0 
16
5.433645185324489 5.6117198789675875 7.55778406677513 2.77308492477241 4.759254143245559 3.663140728937397 3.765634076752547 6.890464425566683 2.7511815643464894 1.59705979850474 7.6947384620921335 0.8792041856133315 5.004837659704857 1.2043255373859691 5.263857900817616 
1.7424408167854666 4.874033237473873 4.418608378211403 3.965476011779673 5.201047971322704 5.703200855659917 3.2281573691503986 2.737900655611888 4.692003836315567 3.9113808303462365 5.057993673384736 2.653695536417091 4.98510782230435 6.601219584288957 
3.1540608744918064 3.7416841128026825 2.569844353263443 4.197618372363071 4.700234036726256 1.6197839362087791 2.9402720962523174 4.431252644569026 2.4061587645041227 4.997479364639738 1.1853269591129676 4.819315304065507 5.291993953133359 
4.913501806247761 2.8501228043717695 4.578176492884476 4.916960443200656 1.7418381095842403 5.420747180970536 6.025255181318051 1.5282997088267751 6.740719546161228 2.8096441055763677 6.457592430619946 4.537190760812246 
2.064000968992022 1.1257886124846 1.502131818450032 4.589651402884535 2.155226206225229 1.1761802582937706 5.326631205555722 1.9018412131405713 2.7523081222857297 1.5895911424010891 2.8905708778717085 
1.8917980864775186 2.338482413874434 2.781726082848559 3.0532114240582824 3.1941978648793827 3.4168552793467852 3.9178182704153097 1.3892803892663315 3.6239895143336174 2.7221498856602317 
0.5077400909914437 4.668972049605778 3.226205201161264 2.1260291625469305 5.304790288032129 2.7903404810166084 3.0549959083442335 2.4640211038057274 1.7651062290978443 
5.119814449762801 3.6506711711683906 2.32331659487036 5.729101151140552 2.918938163099725 3.5503802613241313 2.5999999999999988 1.5065855435387692 
4.384164686687762 5.520806100561764 0.8222530024268687 6.17362940254758 1.8951780918953238 5.942432162002357 5.249314240927095 
2.016035713969371 5.206342286096834 2.3203448019637083 2.626823176386257 2.263139412409232 4.945139027368191 
6.298317235579675 0.7280109889280517 3.628911682584738 0.4328972164382675 3.8246045547219687 
6.963476143421475 2.690464643885886 6.7237638269052855 5.6838367323490235 
4.278527784179974 0.3264965543462907 4.424115730855153 
4.048555297880961 4.110012165432122 
4.106214801980045 

0 1 1 2 0 1 1 1 1 3 1 1 1 2 2 1 
1 0 1 1 0 1 1 1 1 1 1 1 1 1 1 1 
1 1 0 1 0 1 1 1 1 2 1 1 1 1 1 1 
2 1 1 0 0 1 1 1 1 3 1 2 1 3 1 1 
0 0 0 0 0 0 0 0 0 0 0 0 0 0 0 0 
1 1 1 1 0 0 1 1 1 2 1 1 1 2 1 1 
1 1 1 1 0 1 0 1 1 3 1 1 1 2 1 1 
1 1 1 1 0 1 1 0 1 1 1 1 1 1 1 1 
1 1 1 2 0 1 1 1 0 3 1 2 1 2 1 1 
2 1 1 2 0 2 2 1 2 0 2 2 1 2 2 1 
1 1 1 1 0 1 1 1 1 2 0 1 1 1 1 1 
1 1 1 2 0 1 1 1 1 3 1 0 1 2 1 1 
1 1 1 1 0 1 1 1 1 1 1 1 0 1 1 1 
1 1 1 1 0 1 1 1 1 3 1 1 1 0 1 1 
2 1 1 1 0 1 1 1 1 2 1 1 1 2 0 1 
1 1 1 1 0 1 1 1 1 1 1 1 1 1 1 0 
17
5.433645185324489 5.6117198789675875 7.55778406677513 2.77308492477241 4.759254143245559 3.663140728937397 3.765634076752547 6.890464425566683 2.7511815643464894 1.59705979850474 7.6947384620921335 0.8792041856133315 5.004837659704857 1.2043255373859691 5.263857900817616 2.745632896073327 
1.7424408167854666 4.874033237473873 4.418608378211403 3.965476011779673 5.201047971322704 5.703200855659917 3.2281573691503986 2.737900655611888 4.692003836315567 3.9113808303462365 5.057993673384736 2.653695536417091 4.98510782230435 6.601219584288957 2.828462479864281 
3.1540608744918064 3.7416841128026825 2.569844353263443 4.197618372363071 4.700234036726256 1.6197839362087791 2.9402720962523174 4.431252644569026 2.4061587645041227 4.997479364639738 1.1853269591129676 4.819315304065507 5.291993953133359 2.8862605564986668 
4.913501806247761 2.8501228043717695 4.578176492884476 4.916960443200656 1.7418381095842403 5.420747180970536 6.025255181318051 1.5282997088267751 6.740719546161228 2.8096441055763677 6.457592430619946 4.537190760812246 5.259505680194672 
2.064000968992022 1.1257886124846 1.502131818450032 4.589651402884535 2.155226206225229 1.1761802582937706 5.326631205555722 1.9018412131405713 2.7523081222857297 1.5895911424010891 2.8905708778717085 1.9314502323383864 
1.8917980864775186 2.338482413874434 2.781726082848559 3.0532114240582824 3.1941978648793827 3.4168552793467852 3.9178182704153097 1.3892803892663315 3.6239895143336174 2.7221498856602317 2.8374636561549145 
0.5077400909914437 4.668972049605778 3.226205201161264 2.1260291625469305 5.304790288032129 2.7903404810166084 3.0549959083442335 2.4640211038057274 1.7651062290978443 2.9932757975168296 
5.119814449762801 3.6506711711683906 2.32331659487036 5.729101151140552 2.918938163099725 3.5503802613241313 2.5999999999999988 1.5065855435387692 3.4224698683845283 
4.384164686687762 5.520806100561764 0.8222530024268687 6.17362940254758 1.8951780918953238 5.942432162002357 5.249314240927095 4.280981195940949 
2.016035713969371 5.206342286096834 2.3203448019637083 2.626823176386257 2.263139412409232 4.945139027368191 0.23769728648009136 
6.298317235579675 0.7280109889280517 3.628911682584738 0.4328972164382675 3.8246045547219687 1.8760863519571809 
6.963476143421475 2.690464643885886 6.7237638269052855 5.6838367323490235 5.101813403095021 
4.278527784179974 0.3264965543462907 4.424115730855153 2.245105788153425 
4.048555297880961 4.110012165432122 2.4836465126905622 
4.106214801980045 2.156780007325739 
4.708513565871936 

0 1 1 1 0 1 1 1 1 2 1 1 1 2 2 1 5 
1 0 1 1 0 1 1 1 1 1 1 1 1 1 1 1 3 
1 1 0 1 0 1 1 1 1 1 1 1 1 1 1 1 3 
1 1 1 0 0 1 1 1 1 3 1 1 1 2 1 1 5 
0 0 0 0 0 0 0 0 0 0 0 0 0 0 0 0 0 
1 1 1 1 0 0 1 1 1 2 1 1 1 2 1 1 4 
1 1 1 1 0 1 0 1 1 2 1 1 1 2 1 1 5 
1 1 1 1 0 1 1 0 1 1 1 1 1 1 1 1 2 
1 1 1 1 0 1 1 1 0 2 1 2 1 2 1 1 5 
1 1 1 2 0 1 1 1 1 0 1 1 1 2 1 1 3 
2 1 1 2 0 2 1 1 1 5 0 2 1 4 2 1 5 
1 1 1 2 0 1 1 1 1 3 1 0 1 2 1 1 5 
1 1 1 1 0 1 1 1 1 1 1 1 0 1 1 1 3 
1 1 1 2 0 1 1 1 1 2 1 2 1 0 1 1 5 
5 1 1 4 0 3 3 2 2 5 4 2 2 4 0 1 5 
1 1 1 1 0 1 1 1 1 1 1 1 1 1 1 0 1 
5 3 3 5 0 4 4 2 4 3 4 5 3 5 4 1 0 
17
5.433645185324489 5.6117198789675875 7.55778406677513 2.77308492477241 4.759254143245559 3.663140728937397 3.765634076752547 6.890464425566683 2.7511815643464894 1.59705979850474 7.6947384620921335 0.8792041856133315 5.004837659704857 1.2043255373859691 5.263857900817616 2.745632896073327 
1.7424408167854666 4.874033237473873 4.418608378211403 3.965476011779673 5.201047971322704 5.703200855659917 3.2281573691503986 2.737900655611888 4.692003836315567 3.9113808303462365 5.057993673384736 2.653695536417091 4.98510782230435 6.601219584288957 2.828462479864281 
3.1540608744918064 3.7416841128026825 2.569844353263443 4.197618372363071 4.700234036726256 1.6197839362087791 2.9402720962523174 4.431252644569026 2.4061587645041227 4.997479364639738 1.1853269591129676 4.819315304065507 5.291993953133359 2.8862605564986668 
4.913501806247761 2.8501228043717695 4.578176492884476 4.916960443200656 1.7418381095842403 5.420747180970536 6.025255181318051 1.5282997088267751 6.740719546161228 2.8096441055763677 6.457592430619946 4.537190760812246 5.259505680194672 
2.064000968992022 1.1257886124846 1.502131818450032 4.589651402884535 2.155226206225229 1.1761802582937706 5.326631205555722 1.9018412131405713 2.7523081222857297 1.5895911424010891 2.8905708778717085 1.9314502323383864 
1.8917980864775186 2.338482413874434 2.781726082848559 3.0532114240582824 3.1941978648793827 3.4168552793467852 3.9178182704153097 1.3892803892663315 3.6239895143336174 2.7221498856602317 2.8374636561549145 
0.5077400909914437 4.668972049605778 3.226205201161264 2.1260291625469305 5.304790288032129 2.7903404810166084 3.0549959083442335 2.4640211038057274 1.7651062290978443 2.9932757975168296 
5.119814449762801 3.6506711711683906 2.32331659487036 5.729101151140552 2.918938163099725 3.5503802613241313 2.5999999999999988 1.5065855435387692 3.4224698683845283 
4.384164686687762 5.520806100561764 0.8222530024268687 6.17362940254758 1.8951780918953238 5.942432162002357 5.249314240927095 4.280981195940949 
2.016035713969371 5.206342286096834 2.3203448019637083 2.626823176386257 2.263139412409232 4.945139027368191 0.23769728648009136 
6.298317235579675 0.7280109889280517 3.628911682584738 0.4328972164382675 3.8246045547219687 1.8760863519571809 
6.963476143421475 2.690464643885886 6.7237638269052855 5.6838367323490235 5.101813403095021 
4.278527784179974 0.3264965543462907 4.424115730855153 2.245105788153425 
4.048555297880961 4.110012165432122 2.4836465126905622 
4.106214801980045 2.156780007325739 
4.708513565871936 

0 1 1 1 0 1 1 1 1 3 1 1 1 2 2 1 5 
1 0 1 1 0 1 1 1 1 1 1 1 1 1 1 1 3 
1 1 0 1 0 1 1 1 1 2 1 1 1 1 1 1 3 
2 1 1 0 0 1 1 1 1 4 1 1 1 2 1 1 5 
0 0 0 0 0 0 0 0 0 0 0 0 0 0 0 0 0 
1 1 1 1 0 0 1 1 1 2 1 1 1 1 1 1 4 
1 1 1 1 0 1 0 1 1 3 1 1 1 2 1 1 5 
1 1 1 1 0 1 1 0 1 1 1 1 1 1 1 1 2 
1 1 1 1 0 1 1 1 0 2 1 2 1 2 1 1 5 
2 1 1 2 0 2 2 1 2 0 2 2 1 2 2 1 4 
2 1 1 1 0 1 1 1 1 4 0 1 1 3 1 1 5 
1 1 1 2 0 1 1 1 1 4 1 0 1 2 1 1 5 
1 1 1 1 0 1 1 1 1 1 1 1 0 1 1 1 3 
1 1 1 1 0 1 1 1 1 3 1 1 1 0 1 1 5 
4 1 1 2 0 2 2 1 1 4 2 1 1 4 0 1 5 
1 1 1 1 0 1 1 1 1 1 1 1 1 1 1 0 1 
5 3 4 5 0 4 5 2 4 4 4 5 3 5 4 2 0 
17
5.433645185324489 5.6117198789675875 7.55778406677513 2.77308492477241 4.759254143245559 3.663140728937397 3.765634076752547 6.890464425566683 2.7511815643464894 1.59705979850474 7.6947384620921335 0.8792041856133315 5.004837659704857 1.2043255373859691 5.263857900817616 2.745632896073327 
1.7424408167854666 4.874033237473873 4.418608378211403 3.965476011779673 5.201047971322704 5.703200855659917 3.2281573691503986 2.737900655611888 4.692003836315567 3.9113808303462365 5.057993673384736 2.653695536417091 4.98510782230435 6.601219584288957 2.828462479864281 
3.1540608744918064 3.7416841128026825 2.569844353263443 4.197618372363071 4.700234036726256 1.6197839362087791 2.9402720962523174 4.431252644569026 2.4061587645041227 4.997479364639738 1.1853269591129676 4.819315304065507 5.291993953133359 2.8862605564986668 
4.913501806247761 2.8501228043717695 4.578176492884476 4.916960443200656 1.7418381095842403 5.420747180970536 6.025255181318051 1.5282997088267751 6.740719546161228 2.8096441055763677 6.457592430619946 4.537190760812246 5.259505680194672 
2.064000968992022 1.1257886124846 1.502131818450032 4.589651402884535 2.155226206225229 1.1761802582937706 5.326631205555722 1.9018412131405713 2.7523081222857297 1.5895911424010891 2.8905708778717085 1.9314502323383864 
1.8917980864775186 2.338482413874434 2.781726082848559 3.0532114240582824 3.1941978648793827 3.4168552793467852 3.9178182704153097 1.3892803892663315 3.6239895143336174 2.7221498856602317 2.8374636561549145 
0.5077400909914437 4.668972049605778 3.226205201161264 2.1260291625469305 5.304790288032129 2.7903404810166084 3.0549959083442335 2.4640211038057274 1.7651062290978443 2.9932757975168296 
5.119814449762801 3.6506711711683906 2.32331659487036 5.729101151140552 2.918938163099725 3.5503802613241313 2.5999999999999988 1.5065855435387692 3.4224698683845283 
4.384164686687762 5.520806100561764 0.8222530024268687 6.17362940254758 1.8951780918953238 5.942432162002357 5.249314240927095 4.280981195940949 
2.016035713969371 5.206342286096834 2.3203448019637083 2.626823176386257 2.263139412409232 4.945139027368191 0.23769728648009136 
6.298317235579675 0.7280109889280517 3.628911682584738 0.4328972164382675 3.8246045547219687 1.8760863519571809 
6.963476143421475 2.690464643885886 6.7237638269052855 5.6838367323490235 5.101813403095021 
4.278527784179974 0.3264965543462907 4.424115730855153 2.245105788153425 
4.048555297880961 4.110012165432122 2.4836465126905622 
4.106214801980045 2.156780007325739 
4.708513565871936 

0 1 1 2 0 1 1 1 1 3 1 1 1 2 1 1 5 
1 0 1 1 0 1 1 1 1 1 1 1 1 1 1 1 3 
1 1 0 1 0 1 1 1 1 2 1 1 1 1 1 1 3 
1 1 1 0 0 1 1 1 1 4 1 1 1 2 1 1 5 
0 0 0 0 0 0 0 0 0 0 0 0 0 0 0 0 0 
1 1 1 1 0 0 1 1 1 2 1 1 1 1 1 1 4 
1 1 1 1 0 1 0 1 1 3 1 1 1 2 1 1 5 
1 1 1 1 0 1 1 0 1 1 1 1 1 1 1 1 2 
1 1 1 1 0 1 1 1 0 3 1 2 1 2 1 1 5 
2 1 1 2 0 2 2 1 2 0 2 2 1 2 2 1 3 
1 1 1 1 0 1 1 1 1 2 0 1 1 1 1 1 4 
1 1 1 2 0 1 1 1 1 3 1 0 1 2 1 1 5 
1 1 1 1 0 1 1 1 1 1 1 1 0 1 1 1 3 
1 1 1 1 0 1 1 1 1 2 1 1 1 0 1 1 5 
2 1 1 1 0 1 1 1 1 2 1 1 1 1 0 1 4 
1 1 1 1 0 1 1 1 1 1 1 1 1 1 1 0 1 
5 3 4 5 0 4 4 2 4 4 4 5 3 5 4 2 0 
17
5.433645185324489 5.6117198789675875 7.55778406677513 2.77308492477241 4.759254143245559 3.663140728937397 3.765634076752547 6.890464425566683 2.7511815643464894 1.59705979850474 7.6947384620921335 0.8792041856133315 5.004837659704857 1.2043255373859691 5.263857900817616 2.745632896073327 
1.7424408167854666 4.874033237473873 4.418608378211403 3.965476011779673 5.201047971322704 5.703200855659917 3.2281573691503986 2.737900655611888 4.692003836315567 3.9113808303462365 5.057993673384736 2.653695536417091 4.98510782230435 6.601219584288957 2.828462479864281 
3.1540608744918064 3.7416841128026825 2.569844353263443 4.197618372363071 4.700234036726256 1.6197839362087791 2.9402720962523174 4.431252644569026 2.4061587645041227 4.997479364639738 1.1853269591129676 4.819315304065507 5.291993953133359 2.8862605564986668 
4.913501806247761 2.8501228043717695 4.578176492884476 4.916960443200656 1.7418381095842403 5.420747180970536 6.025255181318051 1.5282997088267751 6.740719546161228 2.8096441055763677 6.457592430619946 4.537190760812246 5.259505680194672 
2.064000968992022 1.1257886124846 1.502131818450032 4.589651402884535 2.155226206225229 1.1761802582937706 5.326631205555722 1.9018412131405713 2.7523081222857297 1.5895911424010891 2.8905708778717085 1.9314502323383864 
1.8917980864775186 2.338482413874434 2.781726082848559 3.0532114240582824 3.1941978648793827 3.4168552793467852 3.9178182704153097 1.3892803892663315 3.6239895143336174 2.7221498856602317 2.8374636561549145 
0.5077400909914437 4.668972049605778 3.226205201161264 2.1260291625469305 5.304790288032129 2.7903404810166084 3.0549959083442335 2.4640211038057274 1.7651062290978443 2.9932757975168296 
5.119814449762801 3.6506711711683906 2.32331659487036 5.729101151140552 2.918938163099725 3.5503802613241313 2.5999999999999988 1.5065855435387692 3.4224698683845283 
4.384164686687762 5.520806100561764 0.8222530024268687 6.17362940254758 1.8951780918953238 5.942432162002357 5.249314240927095 4.280981195940949 
2.016035713969371 5.206342286096834 2.3203448019637083 2.626823176386257 2.263139412409232 4.945139027368191 0.23769728648009136 
6.298317235579675 0.7280109889280517 3.628911682584738 0.4328972164382675 3.8246045547219687 1.8760863519571809 
6.963476143421475 2.690464643885886 6.7237638269052855 5.6838367323490235 5.101813403095021 
4.278527784179974 0.3264965543462907 4.424115730855153 2.245105788153425 
4.048555297880961 4.110012165432122 2.4836465126905622 
4.106214801980045 2.156780007325739 
4.708513565871936 

0 1 1 2 0 1 1 1 1 3 1 1 1 2 1 1 5 
1 0 1 1 0 1 1 1 1 1 1 1 1 1 1 1 3 
1 1 0 1 0 1 1 1 1 1 1 1 1 1 1 1 3 
1 1 1 0 0 1 1 1 1 3 1 1 1 2 1 1 5 
0 0 0 0 0 0 0 0 0 0 0 0 0 0 0 0 0 
1 1 1 1 0 0 1 1 1 2 1 1 1 1 1 1 4 
1 1 1 1 0 1 0 1 1 2 1 1 1 2 1 1 5 
1 1 1 1 0 1 1 0 1 1 1 1 1 1 1 1 2 
1 1 1 1 0 1 1 1 0 3 1 2 1 2 1 1 5 
2 1 1 2 0 2 2 1 2 0 2 2 1 2 2 1 3 
1 1 1 1 0 1 1 1 1 2 0 1 1 1 1 1 4 
1 1 1 2 0 1 1 1 1 3 1 0 1 2 1 1 5 
1 1 1 1 0 1 1 1 1 1 1 1 0 1 1 1 2 
1 1 1 1 0 1 1 1 1 2 1 1 1 0 1 1 5 
2 1 1 1 0 1 1 1 1 2 1 1 1 1 0 1 4 
1 1 1 1 0 1 1 1 1 1 1 1 1 1 1 0 1 
4 3 3 5 0 4 4 2 4 4 4 5 3 5 4 2 0 
17
5.433645185324489 5.6117198789675875 7.55778406677513 2.77308492477241 4.759254143245559 3.663140728937397 3.765634076752547 6.890464425566683 2.7511815643464894 1.59705979850474 7.6947384620921335 0.8792041856133315 5.004837659704857 1.2043255373859691 5.263857900817616 2.745632896073327 
1.7424408167854666 4.874033237473873 4.418608378211403 3.965476011779673 5.201047971322704 5.703200855659917 3.2281573691503986 2.737900655611888 4.692003836315567 3.9113808303462365 5.057993673384736 2.653695536417091 4.98510782230435 6.601219584288957 2.828462479864281 
3.1540608744918064 3.7416841128026825 2.569844353263443 4.197618372363071 4.700234036726256 1.6197839362087791 2.9402720962523174 4.431252644569026 2.4061587645041227 4.997479364639738 1.1853269591129676 4.819315304065507 5.291993953133359 2.8862605564986668 
4.913501806247761 2.8501228043717695 4.578176492884476 4.916960443200656 1.7418381095842403 5.420747180970536 6.025255181318051 1.5282997088267751 6.740719546161228 2.8096441055763677 6.457592430619946 4.537190760812246 5.259505680194672 
2.064000968992022 1.1257886124846 1.502131818450032 4.589651402884535 2.155226206225229 1.1761802582937706 5.326631205555722 1.9018412131405713 2.7523081222857297 1.5895911424010891 2.8905708778717085 1.9314502323383864 
1.8917980864775186 2.338482413874434 2.781726082848559 3.0532114240582824 3.1941978648793827 3.4168552793467852 3.9178182704153097 1.3892803892663315 3.6239895143336174 2.7221498856602317 2.8374636561549145 
0.5077400909914437 4.668972049605778 3.226205201161264 2.1260291625469305 5.304790288032129 2.7903404810166084 3.0549959083442335 2.4640211038057274 1.7651062290978443 2.9932757975168296 
5.119814449762801 3.6506711711683906 2.32331659487036 5.729101151140552 2.918938163099725 3.5503802613241313 2.5999999999999988 1.5065855435387692 3.4224698683845283 
4.384164686687762 5.520806100561764 0.8222530024268687 6.17362940254758 1.8951780918953238 5.942432162002357 5.249314240927095 4.280981195940949 
2.016035713969371 5.206342286096834 2.3203448019637083 2.626823176386257 2.263139412409232 4.945139027368191 0.23769728648009136 
6.298317235579675 0.7280109889280517 3.628911682584738 0.4328972164382675 3.8246045547219687 1.8760863519571809 
6.963476143421475 2.690464643885886 6.7237638269052855 5.6838367323490235 5.101813403095021 
4.278527784179974 0.3264965543462907 4.424115730855153 2.245105788153425 
4.048555297880961 4.110012165432122 2.4836465126905622 
4.106214801980045 2.156780007325739 
4.708513565871936 

0 1 1 2 0 1 1 1 1 3 1 1 1 2 2 1 5 
1 0 1 1 0 1 1 1 1 1 1 1 1 1 1 1 3 
1 1 0 1 0 1 1 1 1 2 1 1 1 1 1 1 3 
2 1 1 0 0 1 1 1 1 3 1 2 1 3 1 1 5 
0 0 0 0 0 0 0 0 0 0 0 0 0 0 0 0 0 
1 1 1 1 0 0 1 1 1 2 1 1 1 2 1 1 4 
1 1 1 1 0 1 0 1 1 3 1 1 1 2 1 1 5 
1 1 1 1 0 1 1 0 1 1 1 1 1 1 1 1 2 
1 1 1 2 0 1 1 1 0 3 1 2 1 2 1 1 5 
2 1 1 2 0 2 2 1 2 0 2 2 1 2 2 1 3 
1 1 1 1 0 1 1 1 1 2 0 1 1 1 1 1 4 
1 1 1 2 0 1 1 1 1 3 1 0 1 2 1 1 5 
1 1 1 1 0 1 1 1 1 1 1 1 0 1 1 1 2 
1 1 1 1 0 1 1 1 1 3 1 1 1 0 1 1 5 
2 1 1 1 0 1 1 1 1 2 1 1 1 2 0 1 4 
1 1 1 1 0 1 1 1 1 1 1 1 1 1 1 0 1 
5 2 4 5 0 4 4 2 4 4 4 5 3 5 4 2 0 
