44.3282897835592
29.207559057363625
32.55249653786591
27.554183474960755
25.335323963566903
19.61049824954979
15.669493700631165
15.354454626770075
50.187804587069266
18.960772342668754
39.132245171024906
24.872943011289514
22.611155099863772
12.99203611732079
28.93646359297343
30.565877045788394
30.728859816806356
34.6048428712033
30.627310932406736
23.16053295341674
62.152596024932606
30.061883732902658
37.889172537477236
52.944611031763586
48.29398449680676
55.646797605613514
42.89168601393296
14.257955542248533
58.72685041691754
56.276468560054965
60.404087332682465
30.144044465154515
22.885527815786055
54.939516888052715
47.99270370093059
26.099030498661328
67.2772529656727
56.518041459473174
57.479056918183005
65.65865572518459
59.82983337619804
65.35124828809482
35.08647448729427
26.778408057349704
58.84882700514617
60.58531841946093
31.711914581566244
69.89509477577954
64.34822547820275
30.65724205768931
56.276951407789646
32.44911067403834
58.858358791839386
46.280311515639994
61.343034913588646
