25
13
2.5223203603031874 1.1933147112141003 2.8587060009731684 1.2149485585818014 3.6822954797245697 4.58694887697694 3.994521247909443 3.206555784638712 3.722633476451856 3.654654566439901 3.182153358969362 2.9567718883945053 
3.693846233940982 3.751546347841115 2.943331445828007 5.375574387914282 3.5088744634141604 2.1900913222968597 2.516445906432323 1.4831385639919183 1.1573245007343471 0.6718630812896316 2.1084591530309504 
2.870435507026765 1.3635615130972263 3.552590604052202 5.596507839715763 5.150786347733711 4.220189569201833 4.91467191173531 4.837406329842469 4.3602408190374025 3.733430058270812 
1.6728717822953454 6.362334477218249 6.966929022173259 5.8964735223691145 5.674451515344896 5.23115665986023 4.744270228391299 4.304706726363597 2.1701843239688228 
4.713385195377096 5.645121787880222 4.828923275431077 4.286642042438342 4.361754234250253 4.088642806604656 3.6033595435371106 2.435077000835909 
4.777216762927975 5.3994907167250545 3.8967807225965387 5.776997490046197 6.166441437328342 5.837893455691018 6.569383532722079 
1.57990506043876 1.3823530663329147 2.4982593940581923 3.2556412578783926 3.3405388786840984 5.614855296443533 
1.5134728276384775 0.9304837451562497 1.6936646657470302 1.8542114226808137 4.2640004690431255 
2.088061301782113 2.7060118255469625 2.5903088618927277 4.539438291242649 
0.7632168761236869 0.9871676655968866 3.440712135590538 
0.4866210024238615 2.809448344426357 
2.4540986125255815 

0 5 4 1 4 4 4 1 4 2 4 2 3 
5 0 5 2 5 5 5 2 5 4 5 4 4 
4 5 0 1 1 3 3 1 1 1 1 1 1 
1 2 1 0 1 1 1 1 1 1 1 1 1 
4 5 2 1 0 2 3 1 1 1 1 1 2 
4 5 3 1 2 0 4 1 1 1 2 2 1 
2 5 2 1 2 4 0 1 2 1 2 1 1 
1 2 1 1 1 1 2 0 1 1 1 1 1 
2 5 2 1 2 2 4 1 0 1 3 1 1 
3 5 2 1 2 5 3 1 2 0 2 2 2 
1 4 1 1 1 1 1 1 1 2 0 1 1 
1 5 1 1 1 2 1 1 1 4 2 0 1 
2 4 1 1 1 2 2 1 1 1 2 1 0 
13
2.5223203603031874 1.1933147112141003 2.8587060009731684 1.2149485585818014 3.6822954797245697 4.58694887697694 3.994521247909443 3.206555784638712 3.722633476451856 3.654654566439901 3.182153358969362 2.9567718883945053 
3.693846233940982 3.751546347841115 2.943331445828007 5.375574387914282 3.5088744634141604 2.1900913222968597 2.516445906432323 1.4831385639919183 1.1573245007343471 0.6718630812896316 2.1084591530309504 
2.870435507026765 1.3635615130972263 3.552590604052202 5.596507839715763 5.150786347733711 4.220189569201833 4.91467191173531 4.837406329842469 4.3602408190374025 3.733430058270812 
1.6728717822953454 6.362334477218249 6.966929022173259 5.8964735223691145 5.674451515344896 5.23115665986023 4.744270228391299 4.304706726363597 2.1701843239688228 
4.713385195377096 5.645121787880222 4.828923275431077 4.286642042438342 4.361754234250253 4.088642806604656 3.6033595435371106 2.435077000835909 
4.777216762927975 5.3994907167250545 3.8967807225965387 5.776997490046197 6.166441437328342 5.837893455691018 6.569383532722079 
1.57990506043876 1.3823530663329147 2.4982593940581923 3.2556412578783926 3.3405388786840984 5.614855296443533 
1.5134728276384775 0.9304837451562497 1.6936646657470302 1.8542114226808137 4.2640004690431255 
2.088061301782113 2.7060118255469625 2.5903088618927277 4.539438291242649 
0.7632168761236869 0.9871676655968866 3.440712135590538 
0.4866210024238615 2.809448344426357 
2.4540986125255815 

0 5 4 1 4 4 4 1 3 2 4 2 3 
5 0 5 2 5 5 5 2 5 4 5 4 4 
4 5 0 1 2 2 3 1 1 1 1 2 1 
1 2 1 0 1 1 1 1 1 1 1 1 1 
4 5 1 1 0 2 3 1 1 1 1 1 1 
4 5 2 1 2 0 4 1 2 1 2 2 2 
3 5 2 1 2 3 0 1 2 2 2 1 1 
1 2 1 1 1 1 1 0 1 1 1 1 1 
2 5 2 1 1 2 4 1 0 1 2 1 1 
4 5 2 1 2 5 4 1 2 0 4 1 2 
1 4 1 1 1 1 1 1 1 3 0 1 1 
1 5 1 1 1 1 1 1 1 4 2 0 1 
2 4 1 1 1 2 2 1 1 1 1 1 0 
13
2.5223203603031874 1.1933147112141003 2.8587060009731684 1.2149485585818014 3.6822954797245697 4.58694887697694 3.994521247909443 3.206555784638712 3.722633476451856 3.654654566439901 3.182153358969362 2.9567718883945053 
3.693846233940982 3.751546347841115 2.943331445828007 5.375574387914282 3.5088744634141604 2.1900913222968597 2.516445906432323 1.4831385639919183 1.1573245007343471 0.6718630812896316 2.1084591530309504 
2.870435507026765 1.3635615130972263 3.552590604052202 5.596507839715763 5.150786347733711 4.220189569201833 4.91467191173531 4.837406329842469 4.3602408190374025 3.733430058270812 
1.6728717822953454 6.362334477218249 6.966929022173259 5.8964735223691145 5.674451515344896 5.23115665986023 4.744270228391299 4.304706726363597 2.1701843239688228 
4.713385195377096 5.645121787880222 4.828923275431077 4.286642042438342 4.361754234250253 4.088642806604656 3.6033595435371106 2.435077000835909 
4.777216762927975 5.3994907167250545 3.8967807225965387 5.776997490046197 6.166441437328342 5.837893455691018 6.569383532722079 
1.57990506043876 1.3823530663329147 2.4982593940581923 3.2556412578783926 3.3405388786840984 5.614855296443533 
1.5134728276384775 0.9304837451562497 1.6936646657470302 1.8542114226808137 4.2640004690431255 
2.088061301782113 2.7060118255469625 2.5903088618927277 4.539438291242649 
0.7632168761236869 0.9871676655968866 3.440712135590538 
0.4866210024238615 2.809448344426357 
2.4540986125255815 

0 5 4 1 4 4 4 1 3 2 4 2 3 
5 0 5 2 5 5 5 2 5 4 5 4 4 
4 5 0 1 3 2 3 1 1 1 1 1 1 
1 2 1 0 1 1 1 1 1 1 1 1 1 
4 5 1 1 0 1 3 1 1 1 1 1 1 
4 5 2 1 2 0 4 1 2 1 2 1 1 
3 5 2 1 2 3 0 1 2 2 2 1 1 
1 2 1 1 1 1 2 0 1 1 1 1 1 
2 5 1 1 2 3 4 1 0 1 2 1 1 
4 5 2 1 2 5 4 1 4 0 3 2 2 
1 4 1 1 1 1 1 1 1 3 0 1 1 
1 5 1 1 1 1 1 1 1 4 1 0 1 
2 4 1 1 1 1 2 1 1 1 2 1 0 
13
2.5223203603031874 1.1933147112141003 2.8587060009731684 1.2149485585818014 3.6822954797245697 4.58694887697694 3.994521247909443 3.206555784638712 3.722633476451856 3.654654566439901 3.182153358969362 2.9567718883945053 
3.693846233940982 3.751546347841115 2.943331445828007 5.375574387914282 3.5088744634141604 2.1900913222968597 2.516445906432323 1.4831385639919183 1.1573245007343471 0.6718630812896316 2.1084591530309504 
2.870435507026765 1.3635615130972263 3.552590604052202 5.596507839715763 5.150786347733711 4.220189569201833 4.91467191173531 4.837406329842469 4.3602408190374025 3.733430058270812 
1.6728717822953454 6.362334477218249 6.966929022173259 5.8964735223691145 5.674451515344896 5.23115665986023 4.744270228391299 4.304706726363597 2.1701843239688228 
4.713385195377096 5.645121787880222 4.828923275431077 4.286642042438342 4.361754234250253 4.088642806604656 3.6033595435371106 2.435077000835909 
4.777216762927975 5.3994907167250545 3.8967807225965387 5.776997490046197 6.166441437328342 5.837893455691018 6.569383532722079 
1.57990506043876 1.3823530663329147 2.4982593940581923 3.2556412578783926 3.3405388786840984 5.614855296443533 
1.5134728276384775 0.9304837451562497 1.6936646657470302 1.8542114226808137 4.2640004690431255 
2.088061301782113 2.7060118255469625 2.5903088618927277 4.539438291242649 
0.7632168761236869 0.9871676655968866 3.440712135590538 
0.4866210024238615 2.809448344426357 
2.4540986125255815 

0 5 4 1 4 4 4 1 4 2 4 2 3 
5 0 5 2 5 5 5 2 5 4 5 4 4 
4 5 0 1 2 2 3 1 1 1 1 1 1 
1 1 1 0 1 1 1 1 1 1 1 1 1 
4 5 1 2 0 1 4 1 1 1 1 1 1 
3 5 3 1 2 0 4 1 2 1 2 1 1 
3 5 2 1 2 3 0 1 2 1 2 1 1 
1 2 1 1 1 1 2 0 1 1 1 1 1 
2 5 2 1 1 2 4 1 0 1 2 1 1 
3 5 2 1 2 5 3 1 2 0 2 2 1 
1 5 1 1 1 1 1 1 1 3 0 1 1 
1 5 2 1 1 2 1 1 1 4 2 0 1 
2 4 1 1 1 1 2 1 1 1 2 1 0 
13
2.5223203603031874 1.1933147112141003 2.8587060009731684 1.2149485585818014 3.6822954797245697 4.58694887697694 3.994521247909443 3.206555784638712 3.722633476451856 3.654654566439901 3.182153358969362 2.9567718883945053 
3.693846233940982 3.751546347841115 2.943331445828007 5.375574387914282 3.5088744634141604 2.1900913222968597 2.516445906432323 1.4831385639919183 1.1573245007343471 0.6718630812896316 2.1084591530309504 
2.870435507026765 1.3635615130972263 3.552590604052202 5.596507839715763 5.150786347733711 4.220189569201833 4.91467191173531 4.837406329842469 4.3602408190374025 3.733430058270812 
1.6728717822953454 6.362334477218249 6.966929022173259 5.8964735223691145 5.674451515344896 5.23115665986023 4.744270228391299 4.304706726363597 2.1701843239688228 
4.713385195377096 5.645121787880222 4.828923275431077 4.286642042438342 4.361754234250253 4.088642806604656 3.6033595435371106 2.435077000835909 
4.777216762927975 5.3994907167250545 3.8967807225965387 5.776997490046197 6.166441437328342 5.837893455691018 6.569383532722079 
1.57990506043876 1.3823530663329147 2.4982593940581923 3.2556412578783926 3.3405388786840984 5.614855296443533 
1.5134728276384775 0.9304837451562497 1.6936646657470302 1.8542114226808137 4.2640004690431255 
2.088061301782113 2.7060118255469625 2.5903088618927277 4.539438291242649 
0.7632168761236869 0.9871676655968866 3.440712135590538 
0.4866210024238615 2.809448344426357 
2.4540986125255815 

0 5 3 1 4 4 4 1 3 2 3 2 2 
5 0 5 1 5 5 5 1 4 4 5 4 4 
4 5 0 1 1 2 3 1 1 1 1 1 1 
1 1 1 0 1 1 1 0 1 1 1 1 1 
4 5 1 1 0 1 3 1 1 1 1 1 1 
2 5 2 1 1 0 4 1 2 1 1 1 1 
3 5 2 1 1 2 0 1 2 1 1 1 1 
1 2 1 0 1 1 1 0 1 1 1 1 1 
1 5 1 1 1 2 4 1 0 1 1 1 1 
2 5 1 1 2 4 2 1 2 0 1 1 1 
1 4 1 1 1 1 1 1 1 2 0 1 1 
1 5 1 1 1 1 1 1 1 4 1 0 1 
2 4 1 1 1 1 2 1 1 1 3 1 0 
14
2.5223203603031874 1.1933147112141003 2.8587060009731684 1.2149485585818014 3.6822954797245697 4.58694887697694 3.994521247909443 3.206555784638712 3.722633476451856 3.654654566439901 3.182153358969362 2.9567718883945053 2.4812899870833327 
3.693846233940982 3.751546347841115 2.943331445828007 5.375574387914282 3.5088744634141604 2.1900913222968597 2.516445906432323 1.4831385639919183 1.1573245007343471 0.6718630812896316 2.1084591530309504 1.808120571200934 
2.870435507026765 1.3635615130972263 3.552590604052202 5.596507839715763 5.150786347733711 4.220189569201833 4.91467191173531 4.837406329842469 4.3602408190374025 3.733430058270812 3.3047844105175748 
1.6728717822953454 6.362334477218249 6.966929022173259 5.8964735223691145 5.674451515344896 5.23115665986023 4.744270228391299 4.304706726363597 2.1701843239688228 2.1073680267100987 
4.713385195377096 5.645121787880222 4.828923275431077 4.286642042438342 4.361754234250253 4.088642806604656 3.6033595435371106 2.435077000835909 2.051170397602306 
4.777216762927975 5.3994907167250545 3.8967807225965387 5.776997490046197 6.166441437328342 5.837893455691018 6.569383532722079 6.084414515793612 
1.57990506043876 1.3823530663329147 2.4982593940581923 3.2556412578783926 3.3405388786840984 5.614855296443533 5.277736257146619 
1.5134728276384775 0.9304837451562497 1.6936646657470302 1.8542114226808137 4.2640004690431255 3.9965234892341113 
2.088061301782113 2.7060118255469625 2.5903088618927277 4.539438291242649 4.147722266497599 
0.7632168761236869 0.9871676655968866 3.440712135590538 3.2276926743418435 
0.4866210024238615 2.809448344426357 2.667376988728815 
2.4540986125255815 2.258428657274784 
0.4850773134253966 

0 5 4 1 4 4 4 1 4 2 4 2 3 4 
5 0 5 2 5 5 5 2 5 4 5 4 4 5 
4 5 0 1 1 3 3 1 1 1 1 1 1 1 
1 2 1 0 1 1 1 1 1 1 1 1 1 1 
4 5 2 1 0 2 3 1 1 1 1 1 2 1 
4 5 3 1 2 0 4 1 1 1 2 2 1 2 
2 5 2 1 2 4 0 1 2 1 2 1 1 2 
1 2 1 1 1 1 2 0 1 1 1 1 1 1 
2 5 2 1 2 2 4 1 0 1 3 1 1 2 
3 5 2 1 2 5 3 1 2 0 2 2 2 2 
1 4 1 1 1 1 1 1 1 2 0 1 1 1 
1 5 1 1 1 2 1 1 1 4 2 0 1 1 
2 4 1 1 1 2 2 1 1 1 2 1 0 1 
3 5 1 1 2 2 4 1 1 1 2 1 1 0 
14
2.5223203603031874 1.1933147112141003 2.8587060009731684 1.2149485585818014 3.6822954797245697 4.58694887697694 3.994521247909443 3.206555784638712 3.722633476451856 3.654654566439901 3.182153358969362 2.9567718883945053 2.4812899870833327 
3.693846233940982 3.751546347841115 2.943331445828007 5.375574387914282 3.5088744634141604 2.1900913222968597 2.516445906432323 1.4831385639919183 1.1573245007343471 0.6718630812896316 2.1084591530309504 1.808120571200934 
2.870435507026765 1.3635615130972263 3.552590604052202 5.596507839715763 5.150786347733711 4.220189569201833 4.91467191173531 4.837406329842469 4.3602408190374025 3.733430058270812 3.3047844105175748 
1.6728717822953454 6.362334477218249 6.966929022173259 5.8964735223691145 5.674451515344896 5.23115665986023 4.744270228391299 4.304706726363597 2.1701843239688228 2.1073680267100987 
4.713385195377096 5.645121787880222 4.828923275431077 4.286642042438342 4.361754234250253 4.088642806604656 3.6033595435371106 2.435077000835909 2.051170397602306 
4.777216762927975 5.3994907167250545 3.8967807225965387 5.776997490046197 6.166441437328342 5.837893455691018 6.569383532722079 6.084414515793612 
1.57990506043876 1.3823530663329147 2.4982593940581923 3.2556412578783926 3.3405388786840984 5.614855296443533 5.277736257146619 
1.5134728276384775 0.9304837451562497 1.6936646657470302 1.8542114226808137 4.2640004690431255 3.9965234892341113 
2.088061301782113 2.7060118255469625 2.5903088618927277 4.539438291242649 4.147722266497599 
0.7632168761236869 0.9871676655968866 3.440712135590538 3.2276926743418435 
0.4866210024238615 2.809448344426357 2.667376988728815 
2.4540986125255815 2.258428657274784 
0.4850773134253966 

0 5 4 1 4 4 4 1 3 2 4 2 3 4 
5 0 5 2 5 5 5 2 5 4 5 4 4 5 
4 5 0 1 2 2 3 1 1 1 1 2 1 1 
1 2 1 0 1 1 1 1 1 1 1 1 1 1 
4 5 1 1 0 2 3 1 1 1 1 1 1 1 
4 5 2 1 2 0 4 1 2 1 2 2 2 2 
3 5 2 1 2 3 0 1 2 2 2 1 1 2 
1 2 1 1 1 1 1 0 1 1 1 1 1 1 
2 5 2 1 1 2 4 1 0 1 2 1 1 1 
4 5 2 1 2 5 4 1 2 0 4 1 2 2 
1 4 1 1 1 1 1 1 1 3 0 1 1 1 
1 5 1 1 1 1 1 1 1 4 2 0 1 1 
2 4 1 1 1 2 2 1 1 1 1 1 0 2 
3 5 1 1 2 2 4 1 1 1 1 1 1 0 
14
2.5223203603031874 1.1933147112141003 2.8587060009731684 1.2149485585818014 3.6822954797245697 4.58694887697694 3.994521247909443 3.206555784638712 3.722633476451856 3.654654566439901 3.182153358969362 2.9567718883945053 2.4812899870833327 
3.693846233940982 3.751546347841115 2.943331445828007 5.375574387914282 3.5088744634141604 2.1900913222968597 2.516445906432323 1.4831385639919183 1.1573245007343471 0.6718630812896316 2.1084591530309504 1.808120571200934 
2.870435507026765 1.3635615130972263 3.552590604052202 5.596507839715763 5.150786347733711 4.220189569201833 4.91467191173531 4.837406329842469 4.3602408190374025 3.733430058270812 3.3047844105175748 
1.6728717822953454 6.362334477218249 6.966929022173259 5.8964735223691145 5.674451515344896 5.23115665986023 4.744270228391299 4.304706726363597 2.1701843239688228 2.1073680267100987 
4.713385195377096 5.645121787880222 4.828923275431077 4.286642042438342 4.361754234250253 4.088642806604656 3.6033595435371106 2.435077000835909 2.051170397602306 
4.777216762927975 5.3994907167250545 3.8967807225965387 5.776997490046197 6.166441437328342 5.837893455691018 6.569383532722079 6.084414515793612 
1.57990506043876 1.3823530663329147 2.4982593940581923 3.2556412578783926 3.3405388786840984 5.614855296443533 5.277736257146619 
1.5134728276384775 0.9304837451562497 1.6936646657470302 1.8542114226808137 4.2640004690431255 3.9965234892341113 
2.088061301782113 2.7060118255469625 2.5903088618927277 4.539438291242649 4.147722266497599 
0.7632168761236869 0.9871676655968866 3.440712135590538 3.2276926743418435 
0.4866210024238615 2.809448344426357 2.667376988728815 
2.4540986125255815 2.258428657274784 
0.4850773134253966 

0 5 4 1 4 4 4 1 3 2 4 2 3 4 
5 0 5 2 5 5 5 2 5 4 5 4 4 5 
4 5 0 1 3 2 3 1 1 1 1 1 1 1 
1 2 1 0 1 1 1 1 1 1 1 1 1 1 
4 5 1 1 0 1 3 1 1 1 1 1 1 1 
4 5 2 1 2 0 4 1 2 1 2 1 1 2 
3 5 2 1 2 3 0 1 2 2 2 1 1 2 
1 2 1 1 1 1 2 0 1 1 1 1 1 1 
2 5 1 1 2 3 4 1 0 1 2 1 1 2 
4 5 2 1 2 5 4 1 4 0 3 2 2 2 
1 4 1 1 1 1 1 1 1 3 0 1 1 1 
1 5 1 1 1 1 1 1 1 4 1 0 1 1 
2 4 1 1 1 1 2 1 1 1 2 1 0 2 
3 5 1 1 2 2 4 1 1 1 2 1 3 0 
14
2.5223203603031874 1.1933147112141003 2.8587060009731684 1.2149485585818014 3.6822954797245697 4.58694887697694 3.994521247909443 3.206555784638712 3.722633476451856 3.654654566439901 3.182153358969362 2.9567718883945053 2.4812899870833327 
3.693846233940982 3.751546347841115 2.943331445828007 5.375574387914282 3.5088744634141604 2.1900913222968597 2.516445906432323 1.4831385639919183 1.1573245007343471 0.6718630812896316 2.1084591530309504 1.808120571200934 
2.870435507026765 1.3635615130972263 3.552590604052202 5.596507839715763 5.150786347733711 4.220189569201833 4.91467191173531 4.837406329842469 4.3602408190374025 3.733430058270812 3.3047844105175748 
1.6728717822953454 6.362334477218249 6.966929022173259 5.8964735223691145 5.674451515344896 5.23115665986023 4.744270228391299 4.304706726363597 2.1701843239688228 2.1073680267100987 
4.713385195377096 5.645121787880222 4.828923275431077 4.286642042438342 4.361754234250253 4.088642806604656 3.6033595435371106 2.435077000835909 2.051170397602306 
4.777216762927975 5.3994907167250545 3.8967807225965387 5.776997490046197 6.166441437328342 5.837893455691018 6.569383532722079 6.084414515793612 
1.57990506043876 1.3823530663329147 2.4982593940581923 3.2556412578783926 3.3405388786840984 5.614855296443533 5.277736257146619 
1.5134728276384775 0.9304837451562497 1.6936646657470302 1.8542114226808137 4.2640004690431255 3.9965234892341113 
2.088061301782113 2.7060118255469625 2.5903088618927277 4.539438291242649 4.147722266497599 
0.7632168761236869 0.9871676655968866 3.440712135590538 3.2276926743418435 
0.4866210024238615 2.809448344426357 2.667376988728815 
2.4540986125255815 2.258428657274784 
0.4850773134253966 

0 5 4 1 4 4 4 1 4 2 4 2 3 4 
5 0 5 2 5 5 5 2 5 4 5 4 4 5 
4 5 0 1 2 2 3 1 1 1 1 1 1 1 
1 1 1 0 1 1 1 1 1 1 1 1 1 1 
4 5 1 2 0 1 4 1 1 1 1 1 1 1 
3 5 3 1 2 0 4 1 2 1 2 1 1 2 
3 5 2 1 2 3 0 1 2 1 2 1 1 2 
1 2 1 1 1 1 2 0 1 1 1 1 1 1 
2 5 2 1 1 2 4 1 0 1 2 1 1 2 
3 5 2 1 2 5 3 1 2 0 2 2 1 2 
1 5 1 1 1 1 1 1 1 3 0 1 1 1 
1 5 2 1 1 2 1 1 1 4 2 0 1 1 
2 4 1 1 1 1 2 1 1 1 2 1 0 2 
3 5 1 1 2 1 4 1 1 1 1 1 2 0 
14
2.5223203603031874 1.1933147112141003 2.8587060009731684 1.2149485585818014 3.6822954797245697 4.58694887697694 3.994521247909443 3.206555784638712 3.722633476451856 3.654654566439901 3.182153358969362 2.9567718883945053 2.4812899870833327 
3.693846233940982 3.751546347841115 2.943331445828007 5.375574387914282 3.5088744634141604 2.1900913222968597 2.516445906432323 1.4831385639919183 1.1573245007343471 0.6718630812896316 2.1084591530309504 1.808120571200934 
2.870435507026765 1.3635615130972263 3.552590604052202 5.596507839715763 5.150786347733711 4.220189569201833 4.91467191173531 4.837406329842469 4.3602408190374025 3.733430058270812 3.3047844105175748 
1.6728717822953454 6.362334477218249 6.966929022173259 5.8964735223691145 5.674451515344896 5.23115665986023 4.744270228391299 4.304706726363597 2.1701843239688228 2.1073680267100987 
4.713385195377096 5.645121787880222 4.828923275431077 4.286642042438342 4.361754234250253 4.088642806604656 3.6033595435371106 2.435077000835909 2.051170397602306 
4.777216762927975 5.3994907167250545 3.8967807225965387 5.776997490046197 6.166441437328342 5.837893455691018 6.569383532722079 6.084414515793612 
1.57990506043876 1.3823530663329147 2.4982593940581923 3.2556412578783926 3.3405388786840984 5.614855296443533 5.277736257146619 
1.5134728276384775 0.9304837451562497 1.6936646657470302 1.8542114226808137 4.2640004690431255 3.9965234892341113 
2.088061301782113 2.7060118255469625 2.5903088618927277 4.539438291242649 4.147722266497599 
0.7632168761236869 0.9871676655968866 3.440712135590538 3.2276926743418435 
0.4866210024238615 2.809448344426357 2.667376988728815 
2.4540986125255815 2.258428657274784 
0.4850773134253966 

0 5 3 1 4 4 4 1 3 2 3 2 2 4 
5 0 5 1 5 5 5 1 4 4 5 4 4 5 
4 5 0 1 1 2 3 1 1 1 1 1 1 1 
1 1 1 0 1 1 1 0 1 1 1 1 1 1 
4 5 1 1 0 1 3 1 1 1 1 1 1 1 
2 5 2 1 1 0 4 1 2 1 1 1 1 1 
3 5 2 1 1 2 0 1 2 1 1 1 1 2 
1 2 1 0 1 1 1 0 1 1 1 1 1 1 
1 5 1 1 1 2 4 1 0 1 1 1 1 1 
2 5 1 1 2 4 2 1 2 0 1 1 1 2 
1 4 1 1 1 1 1 1 1 2 0 1 1 1 
1 5 1 1 1 1 1 1 1 4 1 0 1 1 
2 4 1 1 1 1 2 1 1 1 3 1 0 2 
2 5 1 1 2 1 4 1 1 1 1 1 1 0 
15
2.5223203603031874 1.1933147112141003 2.8587060009731684 1.2149485585818014 3.6822954797245697 4.58694887697694 3.994521247909443 3.206555784638712 3.722633476451856 3.654654566439901 3.182153358969362 2.9567718883945053 2.4812899870833327 3.2387188825212982 
3.693846233940982 3.751546347841115 2.943331445828007 5.375574387914282 3.5088744634141604 2.1900913222968597 2.516445906432323 1.4831385639919183 1.1573245007343471 0.6718630812896316 2.1084591530309504 1.808120571200934 2.1681328372588236 
2.870435507026765 1.3635615130972263 3.552590604052202 5.596507839715763 5.150786347733711 4.220189569201833 4.91467191173531 4.837406329842469 4.3602408190374025 3.733430058270812 3.3047844105175748 4.0396658277634785 
1.6728717822953454 6.362334477218249 6.966929022173259 5.8964735223691145 5.674451515344896 5.23115665986023 4.744270228391299 4.304706726363597 2.1701843239688228 2.1073680267100987 2.4185326129701066 
4.713385195377096 5.645121787880222 4.828923275431077 4.286642042438342 4.361754234250253 4.088642806604656 3.6033595435371106 2.435077000835909 2.051170397602306 2.745906043549196 
4.777216762927975 5.3994907167250545 3.8967807225965387 5.776997490046197 6.166441437328342 5.837893455691018 6.569383532722079 6.084414515793612 6.824954212300622 
1.57990506043876 1.3823530663329147 2.4982593940581923 3.2556412578783926 3.3405388786840984 5.614855296443533 5.277736257146619 5.672547928400429 
1.5134728276384775 0.9304837451562497 1.6936646657470302 1.8542114226808137 4.2640004690431255 3.9965234892341113 4.272762572388033 
2.088061301782113 2.7060118255469625 2.5903088618927277 4.539438291242649 4.147722266497599 4.650043010553771 
0.7632168761236869 0.9871676655968866 3.440712135590538 3.2276926743418435 3.4169723440496274 
0.4866210024238615 2.809448344426357 2.667376988728815 2.7460881267723374 
2.4540986125255815 2.258428657274784 2.4324884377936904 
0.4850773134253966 0.3111269837220799 
0.7576938695805845 

0 5 4 1 4 4 4 1 4 2 4 2 3 4 1 
5 0 5 2 5 5 5 2 5 4 5 4 4 5 3 
4 5 0 1 1 3 3 1 1 1 1 1 1 1 1 
1 2 1 0 1 1 1 1 1 1 1 1 1 1 1 
4 5 2 1 0 2 3 1 1 1 1 1 2 1 1 
4 5 3 1 2 0 4 1 1 1 2 2 1 2 1 
2 5 2 1 2 4 0 1 2 1 2 1 1 2 1 
1 2 1 1 1 1 2 0 1 1 1 1 1 1 1 
2 5 2 1 2 2 4 1 0 1 3 1 1 2 1 
3 5 2 1 2 5 3 1 2 0 2 2 2 2 1 
1 4 1 1 1 1 1 1 1 2 0 1 1 1 1 
1 5 1 1 1 2 1 1 1 4 2 0 1 1 1 
2 4 1 1 1 2 2 1 1 1 2 1 0 1 1 
3 5 1 1 2 2 4 1 1 1 2 1 1 0 1 
1 3 1 1 1 1 1 1 1 1 1 1 1 1 0 
15
2.5223203603031874 1.1933147112141003 2.8587060009731684 1.2149485585818014 3.6822954797245697 4.58694887697694 3.994521247909443 3.206555784638712 3.722633476451856 3.654654566439901 3.182153358969362 2.9567718883945053 2.4812899870833327 3.2387188825212982 
3.693846233940982 3.751546347841115 2.943331445828007 5.375574387914282 3.5088744634141604 2.1900913222968597 2.516445906432323 1.4831385639919183 1.1573245007343471 0.6718630812896316 2.1084591530309504 1.808120571200934 2.1681328372588236 
2.870435507026765 1.3635615130972263 3.552590604052202 5.596507839715763 5.150786347733711 4.220189569201833 4.91467191173531 4.837406329842469 4.3602408190374025 3.733430058270812 3.3047844105175748 4.0396658277634785 
1.6728717822953454 6.362334477218249 6.966929022173259 5.8964735223691145 5.674451515344896 5.23115665986023 4.744270228391299 4.304706726363597 2.1701843239688228 2.1073680267100987 2.4185326129701066 
4.713385195377096 5.645121787880222 4.828923275431077 4.286642042438342 4.361754234250253 4.088642806604656 3.6033595435371106 2.435077000835909 2.051170397602306 2.745906043549196 
4.777216762927975 5.3994907167250545 3.8967807225965387 5.776997490046197 6.166441437328342 5.837893455691018 6.569383532722079 6.084414515793612 6.824954212300622 
1.57990506043876 1.3823530663329147 2.4982593940581923 3.2556412578783926 3.3405388786840984 5.614855296443533 5.277736257146619 5.672547928400429 
1.5134728276384775 0.9304837451562497 1.6936646657470302 1.8542114226808137 4.2640004690431255 3.9965234892341113 4.272762572388033 
2.088061301782113 2.7060118255469625 2.5903088618927277 4.539438291242649 4.147722266497599 4.650043010553771 
0.7632168761236869 0.9871676655968866 3.440712135590538 3.2276926743418435 3.4169723440496274 
0.4866210024238615 2.809448344426357 2.667376988728815 2.7460881267723374 
2.4540986125255815 2.258428657274784 2.4324884377936904 
0.4850773134253966 0.3111269837220799 
0.7576938695805845 

0 5 4 1 4 4 4 1 3 2 4 2 3 4 1 
5 0 5 2 5 5 5 2 5 4 5 4 4 5 2 
4 5 0 1 2 2 3 1 1 1 1 2 1 1 1 
1 2 1 0 1 1 1 1 1 1 1 1 1 1 1 
4 5 1 1 0 2 3 1 1 1 1 1 1 1 1 
4 5 2 1 2 0 4 1 2 1 2 2 2 2 1 
3 5 2 1 2 3 0 1 2 2 2 1 1 2 1 
1 2 1 1 1 1 1 0 1 1 1 1 1 1 1 
2 5 2 1 1 2 4 1 0 1 2 1 1 1 1 
4 5 2 1 2 5 4 1 2 0 4 1 2 2 3 
1 4 1 1 1 1 1 1 1 3 0 1 1 1 1 
1 5 1 1 1 1 1 1 1 4 2 0 1 1 1 
2 4 1 1 1 2 2 1 1 1 1 1 0 2 1 
3 5 1 1 2 2 4 1 1 1 1 1 1 0 1 
1 3 1 1 1 3 2 1 1 1 1 1 1 1 0 
15
2.5223203603031874 1.1933147112141003 2.8587060009731684 1.2149485585818014 3.6822954797245697 4.58694887697694 3.994521247909443 3.206555784638712 3.722633476451856 3.654654566439901 3.182153358969362 2.9567718883945053 2.4812899870833327 3.2387188825212982 
3.693846233940982 3.751546347841115 2.943331445828007 5.375574387914282 3.5088744634141604 2.1900913222968597 2.516445906432323 1.4831385639919183 1.1573245007343471 0.6718630812896316 2.1084591530309504 1.808120571200934 2.1681328372588236 
2.870435507026765 1.3635615130972263 3.552590604052202 5.596507839715763 5.150786347733711 4.220189569201833 4.91467191173531 4.837406329842469 4.3602408190374025 3.733430058270812 3.3047844105175748 4.0396658277634785 
1.6728717822953454 6.362334477218249 6.966929022173259 5.8964735223691145 5.674451515344896 5.23115665986023 4.744270228391299 4.304706726363597 2.1701843239688228 2.1073680267100987 2.4185326129701066 
4.713385195377096 5.645121787880222 4.828923275431077 4.286642042438342 4.361754234250253 4.088642806604656 3.6033595435371106 2.435077000835909 2.051170397602306 2.745906043549196 
4.777216762927975 5.3994907167250545 3.8967807225965387 5.776997490046197 6.166441437328342 5.837893455691018 6.569383532722079 6.084414515793612 6.824954212300622 
1.57990506043876 1.3823530663329147 2.4982593940581923 3.2556412578783926 3.3405388786840984 5.614855296443533 5.277736257146619 5.672547928400429 
1.5134728276384775 0.9304837451562497 1.6936646657470302 1.8542114226808137 4.2640004690431255 3.9965234892341113 4.272762572388033 
2.088061301782113 2.7060118255469625 2.5903088618927277 4.539438291242649 4.147722266497599 4.650043010553771 
0.7632168761236869 0.9871676655968866 3.440712135590538 3.2276926743418435 3.4169723440496274 
0.4866210024238615 2.809448344426357 2.667376988728815 2.7460881267723374 
2.4540986125255815 2.258428657274784 2.4324884377936904 
0.4850773134253966 0.3111269837220799 
0.7576938695805845 

0 5 4 1 4 4 4 1 3 2 4 2 3 4 1 
5 0 5 2 5 5 5 2 5 4 5 4 4 5 2 
4 5 0 1 3 2 3 1 1 1 1 1 1 1 1 
1 2 1 0 1 1 1 1 1 1 1 1 1 1 1 
4 5 1 1 0 1 3 1 1 1 1 1 1 1 1 
4 5 2 1 2 0 4 1 2 1 2 1 1 2 1 
3 5 2 1 2 3 0 1 2 2 2 1 1 2 1 
1 2 1 1 1 1 2 0 1 1 1 1 1 1 1 
2 5 1 1 2 3 4 1 0 1 2 1 1 2 1 
4 5 2 1 2 5 4 1 4 0 3 2 2 2 2 
1 4 1 1 1 1 1 1 1 3 0 1 1 1 1 
1 5 1 1 1 1 1 1 1 4 1 0 1 1 1 
2 4 1 1 1 1 2 1 1 1 2 1 0 2 1 
3 5 1 1 2 2 4 1 1 1 2 1 3 0 1 
1 3 1 1 1 3 1 1 1 1 1 1 1 1 0 
15
2.5223203603031874 1.1933147112141003 2.8587060009731684 1.2149485585818014 3.6822954797245697 4.58694887697694 3.994521247909443 3.206555784638712 3.722633476451856 3.654654566439901 3.182153358969362 2.9567718883945053 2.4812899870833327 3.2387188825212982 
3.693846233940982 3.751546347841115 2.943331445828007 5.375574387914282 3.5088744634141604 2.1900913222968597 2.516445906432323 1.4831385639919183 1.1573245007343471 0.6718630812896316 2.1084591530309504 1.808120571200934 2.1681328372588236 
2.870435507026765 1.3635615130972263 3.552590604052202 5.596507839715763 5.150786347733711 4.220189569201833 4.91467191173531 4.837406329842469 4.3602408190374025 3.733430058270812 3.3047844105175748 4.0396658277634785 
1.6728717822953454 6.362334477218249 6.966929022173259 5.8964735223691145 5.674451515344896 5.23115665986023 4.744270228391299 4.304706726363597 2.1701843239688228 2.1073680267100987 2.4185326129701066 
4.713385195377096 5.645121787880222 4.828923275431077 4.286642042438342 4.361754234250253 4.088642806604656 3.6033595435371106 2.435077000835909 2.051170397602306 2.745906043549196 
4.777216762927975 5.3994907167250545 3.8967807225965387 5.776997490046197 6.166441437328342 5.837893455691018 6.569383532722079 6.084414515793612 6.824954212300622 
1.57990506043876 1.3823530663329147 2.4982593940581923 3.2556412578783926 3.3405388786840984 5.614855296443533 5.277736257146619 5.672547928400429 
1.5134728276384775 0.9304837451562497 1.6936646657470302 1.8542114226808137 4.2640004690431255 3.9965234892341113 4.272762572388033 
2.088061301782113 2.7060118255469625 2.5903088618927277 4.539438291242649 4.147722266497599 4.650043010553771 
0.7632168761236869 0.9871676655968866 3.440712135590538 3.2276926743418435 3.4169723440496274 
0.4866210024238615 2.809448344426357 2.667376988728815 2.7460881267723374 
2.4540986125255815 2.258428657274784 2.4324884377936904 
0.4850773134253966 0.3111269837220799 
0.7576938695805845 

0 5 4 1 4 4 4 1 4 2 4 2 3 4 1 
5 0 5 2 5 5 5 2 5 4 5 4 4 5 2 
4 5 0 1 2 2 3 1 1 1 1 1 1 1 1 
1 1 1 0 1 1 1 1 1 1 1 1 1 1 1 
4 5 1 2 0 1 4 1 1 1 1 1 1 1 1 
3 5 3 1 2 0 4 1 2 1 2 1 1 2 1 
3 5 2 1 2 3 0 1 2 1 2 1 1 2 1 
1 2 1 1 1 1 2 0 1 1 1 1 1 1 1 
2 5 2 1 1 2 4 1 0 1 2 1 1 2 1 
3 5 2 1 2 5 3 1 2 0 2 2 1 2 2 
1 5 1 1 1 1 1 1 1 3 0 1 1 1 1 
1 5 2 1 1 2 1 1 1 4 2 0 1 1 1 
2 4 1 1 1 1 2 1 1 1 2 1 0 2 1 
3 5 1 1 2 1 4 1 1 1 1 1 2 0 1 
1 3 1 1 1 2 1 1 1 1 1 1 1 1 0 
15
2.5223203603031874 1.1933147112141003 2.8587060009731684 1.2149485585818014 3.6822954797245697 4.58694887697694 3.994521247909443 3.206555784638712 3.722633476451856 3.654654566439901 3.182153358969362 2.9567718883945053 2.4812899870833327 3.2387188825212982 
3.693846233940982 3.751546347841115 2.943331445828007 5.375574387914282 3.5088744634141604 2.1900913222968597 2.516445906432323 1.4831385639919183 1.1573245007343471 0.6718630812896316 2.1084591530309504 1.808120571200934 2.1681328372588236 
2.870435507026765 1.3635615130972263 3.552590604052202 5.596507839715763 5.150786347733711 4.220189569201833 4.91467191173531 4.837406329842469 4.3602408190374025 3.733430058270812 3.3047844105175748 4.0396658277634785 
1.6728717822953454 6.362334477218249 6.966929022173259 5.8964735223691145 5.674451515344896 5.23115665986023 4.744270228391299 4.304706726363597 2.1701843239688228 2.1073680267100987 2.4185326129701066 
4.713385195377096 5.645121787880222 4.828923275431077 4.286642042438342 4.361754234250253 4.088642806604656 3.6033595435371106 2.435077000835909 2.051170397602306 2.745906043549196 
4.777216762927975 5.3994907167250545 3.8967807225965387 5.776997490046197 6.166441437328342 5.837893455691018 6.569383532722079 6.084414515793612 6.824954212300622 
1.57990506043876 1.3823530663329147 2.4982593940581923 3.2556412578783926 3.3405388786840984 5.614855296443533 5.277736257146619 5.672547928400429 
1.5134728276384775 0.9304837451562497 1.6936646657470302 1.8542114226808137 4.2640004690431255 3.9965234892341113 4.272762572388033 
2.088061301782113 2.7060118255469625 2.5903088618927277 4.539438291242649 4.147722266497599 4.650043010553771 
0.7632168761236869 0.9871676655968866 3.440712135590538 3.2276926743418435 3.4169723440496274 
0.4866210024238615 2.809448344426357 2.667376988728815 2.7460881267723374 
2.4540986125255815 2.258428657274784 2.4324884377936904 
0.4850773134253966 0.3111269837220799 
0.7576938695805845 

0 5 3 1 4 4 4 1 3 2 3 2 2 4 1 
5 0 5 1 5 5 5 1 4 4 5 4 4 5 2 
4 5 0 1 1 2 3 1 1 1 1 1 1 1 1 
1 1 1 0 1 1 1 0 1 1 1 1 1 1 0 
4 5 1 1 0 1 3 1 1 1 1 1 1 1 1 
2 5 2 1 1 0 4 1 2 1 1 1 1 1 1 
3 5 2 1 1 2 0 1 2 1 1 1 1 2 1 
1 2 1 0 1 1 1 0 1 1 1 1 1 1 1 
1 5 1 1 1 2 4 1 0 1 1 1 1 1 1 
2 5 1 1 2 4 2 1 2 0 1 1 1 2 1 
1 4 1 1 1 1 1 1 1 2 0 1 1 1 1 
1 5 1 1 1 1 1 1 1 4 1 0 1 1 1 
2 4 1 1 1 1 2 1 1 1 3 1 0 2 1 
2 5 1 1 2 1 4 1 1 1 1 1 1 0 1 
1 2 1 0 1 1 1 1 1 1 1 1 1 1 0 
16
2.5223203603031874 1.1933147112141003 2.8587060009731684 1.2149485585818014 3.6822954797245697 4.58694887697694 3.994521247909443 3.206555784638712 3.722633476451856 3.654654566439901 3.182153358969362 2.9567718883945053 2.4812899870833327 3.2387188825212982 3.153569406244296 
3.693846233940982 3.751546347841115 2.943331445828007 5.375574387914282 3.5088744634141604 2.1900913222968597 2.516445906432323 1.4831385639919183 1.1573245007343471 0.6718630812896316 2.1084591530309504 1.808120571200934 2.1681328372588236 1.8250753409106164 
2.870435507026765 1.3635615130972263 3.552590604052202 5.596507839715763 5.150786347733711 4.220189569201833 4.91467191173531 4.837406329842469 4.3602408190374025 3.733430058270812 3.3047844105175748 4.0396658277634785 4.042499226963436 
1.6728717822953454 6.362334477218249 6.966929022173259 5.8964735223691145 5.674451515344896 5.23115665986023 4.744270228391299 4.304706726363597 2.1701843239688228 2.1073680267100987 2.4185326129701066 2.6874523251585316 
4.713385195377096 5.645121787880222 4.828923275431077 4.286642042438342 4.361754234250253 4.088642806604656 3.6033595435371106 2.435077000835909 2.051170397602306 2.745906043549196 2.8052985580861067 
4.777216762927975 5.3994907167250545 3.8967807225965387 5.776997490046197 6.166441437328342 5.837893455691018 6.569383532722079 6.084414515793612 6.824954212300622 6.664900599408817 
1.57990506043876 1.3823530663329147 2.4982593940581923 3.2556412578783926 3.3405388786840984 5.614855296443533 5.277736257146619 5.672547928400429 5.318317403089066 
1.5134728276384775 0.9304837451562497 1.6936646657470302 1.8542114226808137 4.2640004690431255 3.9965234892341113 4.272762572388033 3.902665755608597 
2.088061301782113 2.7060118255469625 2.5903088618927277 4.539438291242649 4.147722266497599 4.650043010553771 4.3273317413852155 
0.7632168761236869 0.9871676655968866 3.440712135590538 3.2276926743418435 3.4169723440496274 3.041085332574543 
0.4866210024238615 2.809448344426357 2.667376988728815 2.7460881267723374 2.368142732184869 
2.4540986125255815 2.258428657274784 2.4324884377936904 2.057984450864486 
0.4850773134253966 0.3111269837220799 0.5200961449578297 
0.7576938695805845 0.7543208866258418 
0.37802116342871345 

0 5 4 1 4 4 4 1 4 2 4 2 3 4 1 4 
5 0 5 2 5 5 5 2 5 4 5 4 4 5 3 5 
4 5 0 1 1 3 3 1 1 1 1 1 1 1 1 2 
1 2 1 0 1 1 1 1 1 1 1 1 1 1 1 1 
4 5 2 1 0 2 3 1 1 1 1 1 2 1 1 2 
4 5 3 1 2 0 4 1 1 1 2 2 1 2 1 2 
2 5 2 1 2 4 0 1 2 1 2 1 1 2 1 3 
1 2 1 1 1 1 2 0 1 1 1 1 1 1 1 1 
2 5 2 1 2 2 4 1 0 1 3 1 1 2 1 2 
3 5 2 1 2 5 3 1 2 0 2 2 2 2 1 3 
1 4 1 1 1 1 1 1 1 2 0 1 1 1 1 1 
1 5 1 1 1 2 1 1 1 4 2 0 1 1 1 2 
2 4 1 1 1 2 2 1 1 1 2 1 0 1 1 2 
3 5 1 1 2 2 4 1 1 1 2 1 1 0 1 2 
1 3 1 1 1 1 1 1 1 1 1 1 1 1 0 1 
5 5 3 1 2 4 2 1 2 4 2 2 2 2 1 0 
16
2.5223203603031874 1.1933147112141003 2.8587060009731684 1.2149485585818014 3.6822954797245697 4.58694887697694 3.994521247909443 3.206555784638712 3.722633476451856 3.654654566439901 3.182153358969362 2.9567718883945053 2.4812899870833327 3.2387188825212982 3.153569406244296 
3.693846233940982 3.751546347841115 2.943331445828007 5.375574387914282 3.5088744634141604 2.1900913222968597 2.516445906432323 1.4831385639919183 1.1573245007343471 0.6718630812896316 2.1084591530309504 1.808120571200934 2.1681328372588236 1.8250753409106164 
2.870435507026765 1.3635615130972263 3.552590604052202 5.596507839715763 5.150786347733711 4.220189569201833 4.91467191173531 4.837406329842469 4.3602408190374025 3.733430058270812 3.3047844105175748 4.0396658277634785 4.042499226963436 
1.6728717822953454 6.362334477218249 6.966929022173259 5.8964735223691145 5.674451515344896 5.23115665986023 4.744270228391299 4.304706726363597 2.1701843239688228 2.1073680267100987 2.4185326129701066 2.6874523251585316 
4.713385195377096 5.645121787880222 4.828923275431077 4.286642042438342 4.361754234250253 4.088642806604656 3.6033595435371106 2.435077000835909 2.051170397602306 2.745906043549196 2.8052985580861067 
4.777216762927975 5.3994907167250545 3.8967807225965387 5.776997490046197 6.166441437328342 5.837893455691018 6.569383532722079 6.084414515793612 6.824954212300622 6.664900599408817 
1.57990506043876 1.3823530663329147 2.4982593940581923 3.2556412578783926 3.3405388786840984 5.614855296443533 5.277736257146619 5.672547928400429 5.318317403089066 
1.5134728276384775 0.9304837451562497 1.6936646657470302 1.8542114226808137 4.2640004690431255 3.9965234892341113 4.272762572388033 3.902665755608597 
2.088061301782113 2.7060118255469625 2.5903088618927277 4.539438291242649 4.147722266497599 4.650043010553771 4.3273317413852155 
0.7632168761236869 0.9871676655968866 3.440712135590538 3.2276926743418435 3.4169723440496274 3.041085332574543 
0.4866210024238615 2.809448344426357 2.667376988728815 2.7460881267723374 2.368142732184869 
2.4540986125255815 2.258428657274784 2.4324884377936904 2.057984450864486 
0.4850773134253966 0.3111269837220799 0.5200961449578297 
0.7576938695805845 0.7543208866258418 
0.37802116342871345 

0 5 4 1 4 4 4 1 3 2 4 2 3 4 1 4 
5 0 5 2 5 5 5 2 5 4 5 4 4 5 2 5 
4 5 0 1 2 2 3 1 1 1 1 2 1 1 1 3 
1 2 1 0 1 1 1 1 1 1 1 1 1 1 1 1 
4 5 1 1 0 2 3 1 1 1 1 1 1 1 1 2 
4 5 2 1 2 0 4 1 2 1 2 2 2 2 1 2 
3 5 2 1 2 3 0 1 2 2 2 1 1 2 1 4 
1 2 1 1 1 1 1 0 1 1 1 1 1 1 1 1 
2 5 2 1 1 2 4 1 0 1 2 1 1 1 1 2 
4 5 2 1 2 5 4 1 2 0 4 1 2 2 3 3 
1 4 1 1 1 1 1 1 1 3 0 1 1 1 1 1 
1 5 1 1 1 1 1 1 1 4 2 0 1 1 1 2 
2 4 1 1 1 2 2 1 1 1 1 1 0 2 1 2 
3 5 1 1 2 2 4 1 1 1 1 1 1 0 1 2 
1 3 1 1 1 3 2 1 1 1 1 1 1 1 0 1 
2 5 3 1 2 3 4 1 2 5 2 1 2 2 1 0 
16
2.5223203603031874 1.1933147112141003 2.8587060009731684 1.2149485585818014 3.6822954797245697 4.58694887697694 3.994521247909443 3.206555784638712 3.722633476451856 3.654654566439901 3.182153358969362 2.9567718883945053 2.4812899870833327 3.2387188825212982 3.153569406244296 
3.693846233940982 3.751546347841115 2.943331445828007 5.375574387914282 3.5088744634141604 2.1900913222968597 2.516445906432323 1.4831385639919183 1.1573245007343471 0.6718630812896316 2.1084591530309504 1.808120571200934 2.1681328372588236 1.8250753409106164 
2.870435507026765 1.3635615130972263 3.552590604052202 5.596507839715763 5.150786347733711 4.220189569201833 4.91467191173531 4.837406329842469 4.3602408190374025 3.733430058270812 3.3047844105175748 4.0396658277634785 4.042499226963436 
1.6728717822953454 6.362334477218249 6.966929022173259 5.8964735223691145 5.674451515344896 5.23115665986023 4.744270228391299 4.304706726363597 2.1701843239688228 2.1073680267100987 2.4185326129701066 2.6874523251585316 
4.713385195377096 5.645121787880222 4.828923275431077 4.286642042438342 4.361754234250253 4.088642806604656 3.6033595435371106 2.435077000835909 2.051170397602306 2.745906043549196 2.8052985580861067 
4.777216762927975 5.3994907167250545 3.8967807225965387 5.776997490046197 6.166441437328342 5.837893455691018 6.569383532722079 6.084414515793612 6.824954212300622 6.664900599408817 
1.57990506043876 1.3823530663329147 2.4982593940581923 3.2556412578783926 3.3405388786840984 5.614855296443533 5.277736257146619 5.672547928400429 5.318317403089066 
1.5134728276384775 0.9304837451562497 1.6936646657470302 1.8542114226808137 4.2640004690431255 3.9965234892341113 4.272762572388033 3.902665755608597 
2.088061301782113 2.7060118255469625 2.5903088618927277 4.539438291242649 4.147722266497599 4.650043010553771 4.3273317413852155 
0.7632168761236869 0.9871676655968866 3.440712135590538 3.2276926743418435 3.4169723440496274 3.041085332574543 
0.4866210024238615 2.809448344426357 2.667376988728815 2.7460881267723374 2.368142732184869 
2.4540986125255815 2.258428657274784 2.4324884377936904 2.057984450864486 
0.4850773134253966 0.3111269837220799 0.5200961449578297 
0.7576938695805845 0.7543208866258418 
0.37802116342871345 

0 5 4 1 4 4 4 1 3 2 4 2 3 4 1 4 
5 0 5 2 5 5 5 2 5 4 5 4 4 5 2 5 
4 5 0 1 3 2 3 1 1 1 1 1 1 1 1 3 
1 2 1 0 1 1 1 1 1 1 1 1 1 1 1 1 
4 5 1 1 0 1 3 1 1 1 1 1 1 1 1 2 
4 5 2 1 2 0 4 1 2 1 2 1 1 2 1 2 
3 5 2 1 2 3 0 1 2 2 2 1 1 2 1 4 
1 2 1 1 1 1 2 0 1 1 1 1 1 1 1 1 
2 5 1 1 2 3 4 1 0 1 2 1 1 2 1 2 
4 5 2 1 2 5 4 1 4 0 3 2 2 2 2 3 
1 4 1 1 1 1 1 1 1 3 0 1 1 1 1 1 
1 5 1 1 1 1 1 1 1 4 1 0 1 1 1 2 
2 4 1 1 1 1 2 1 1 1 2 1 0 2 1 2 
3 5 1 1 2 2 4 1 1 1 2 1 3 0 1 2 
1 3 1 1 1 3 1 1 1 1 1 1 1 1 0 1 
2 5 3 1 2 3 3 1 2 5 2 1 2 2 1 0 
16
2.5223203603031874 1.1933147112141003 2.8587060009731684 1.2149485585818014 3.6822954797245697 4.58694887697694 3.994521247909443 3.206555784638712 3.722633476451856 3.654654566439901 3.182153358969362 2.9567718883945053 2.4812899870833327 3.2387188825212982 3.153569406244296 
3.693846233940982 3.751546347841115 2.943331445828007 5.375574387914282 3.5088744634141604 2.1900913222968597 2.516445906432323 1.4831385639919183 1.1573245007343471 0.6718630812896316 2.1084591530309504 1.808120571200934 2.1681328372588236 1.8250753409106164 
2.870435507026765 1.3635615130972263 3.552590604052202 5.596507839715763 5.150786347733711 4.220189569201833 4.91467191173531 4.837406329842469 4.3602408190374025 3.733430058270812 3.3047844105175748 4.0396658277634785 4.042499226963436 
1.6728717822953454 6.362334477218249 6.966929022173259 5.8964735223691145 5.674451515344896 5.23115665986023 4.744270228391299 4.304706726363597 2.1701843239688228 2.1073680267100987 2.4185326129701066 2.6874523251585316 
4.713385195377096 5.645121787880222 4.828923275431077 4.286642042438342 4.361754234250253 4.088642806604656 3.6033595435371106 2.435077000835909 2.051170397602306 2.745906043549196 2.8052985580861067 
4.777216762927975 5.3994907167250545 3.8967807225965387 5.776997490046197 6.166441437328342 5.837893455691018 6.569383532722079 6.084414515793612 6.824954212300622 6.664900599408817 
1.57990506043876 1.3823530663329147 2.4982593940581923 3.2556412578783926 3.3405388786840984 5.614855296443533 5.277736257146619 5.672547928400429 5.318317403089066 
1.5134728276384775 0.9304837451562497 1.6936646657470302 1.8542114226808137 4.2640004690431255 3.9965234892341113 4.272762572388033 3.902665755608597 
2.088061301782113 2.7060118255469625 2.5903088618927277 4.539438291242649 4.147722266497599 4.650043010553771 4.3273317413852155 
0.7632168761236869 0.9871676655968866 3.440712135590538 3.2276926743418435 3.4169723440496274 3.041085332574543 
0.4866210024238615 2.809448344426357 2.667376988728815 2.7460881267723374 2.368142732184869 
2.4540986125255815 2.258428657274784 2.4324884377936904 2.057984450864486 
0.4850773134253966 0.3111269837220799 0.5200961449578297 
0.7576938695805845 0.7543208866258418 
0.37802116342871345 

0 5 4 1 4 4 4 1 4 2 4 2 3 4 1 4 
5 0 5 2 5 5 5 2 5 4 5 4 4 5 2 5 
4 5 0 1 2 2 3 1 1 1 1 1 1 1 1 3 
1 1 1 0 1 1 1 1 1 1 1 1 1 1 1 1 
4 5 1 2 0 1 4 1 1 1 1 1 1 1 1 2 
3 5 3 1 2 0 4 1 2 1 2 1 1 2 1 2 
3 5 2 1 2 3 0 1 2 1 2 1 1 2 1 3 
1 2 1 1 1 1 2 0 1 1 1 1 1 1 1 1 
2 5 2 1 1 2 4 1 0 1 2 1 1 2 1 2 
3 5 2 1 2 5 3 1 2 0 2 2 1 2 2 3 
1 5 1 1 1 1 1 1 1 3 0 1 1 1 1 1 
1 5 2 1 1 2 1 1 1 4 2 0 1 1 1 2 
2 4 1 1 1 1 2 1 1 1 2 1 0 2 1 2 
3 5 1 1 2 1 4 1 1 1 1 1 2 0 1 2 
1 3 1 1 1 2 1 1 1 1 1 1 1 1 0 1 
2 5 3 1 2 3 4 1 2 5 2 1 2 2 1 0 
16
2.5223203603031874 1.1933147112141003 2.8587060009731684 1.2149485585818014 3.6822954797245697 4.58694887697694 3.994521247909443 3.206555784638712 3.722633476451856 3.654654566439901 3.182153358969362 2.9567718883945053 2.4812899870833327 3.2387188825212982 3.153569406244296 
3.693846233940982 3.751546347841115 2.943331445828007 5.375574387914282 3.5088744634141604 2.1900913222968597 2.516445906432323 1.4831385639919183 1.1573245007343471 0.6718630812896316 2.1084591530309504 1.808120571200934 2.1681328372588236 1.8250753409106164 
2.870435507026765 1.3635615130972263 3.552590604052202 5.596507839715763 5.150786347733711 4.220189569201833 4.91467191173531 4.837406329842469 4.3602408190374025 3.733430058270812 3.3047844105175748 4.0396658277634785 4.042499226963436 
1.6728717822953454 6.362334477218249 6.966929022173259 5.8964735223691145 5.674451515344896 5.23115665986023 4.744270228391299 4.304706726363597 2.1701843239688228 2.1073680267100987 2.4185326129701066 2.6874523251585316 
4.713385195377096 5.645121787880222 4.828923275431077 4.286642042438342 4.361754234250253 4.088642806604656 3.6033595435371106 2.435077000835909 2.051170397602306 2.745906043549196 2.8052985580861067 
4.777216762927975 5.3994907167250545 3.8967807225965387 5.776997490046197 6.166441437328342 5.837893455691018 6.569383532722079 6.084414515793612 6.824954212300622 6.664900599408817 
1.57990506043876 1.3823530663329147 2.4982593940581923 3.2556412578783926 3.3405388786840984 5.614855296443533 5.277736257146619 5.672547928400429 5.318317403089066 
1.5134728276384775 0.9304837451562497 1.6936646657470302 1.8542114226808137 4.2640004690431255 3.9965234892341113 4.272762572388033 3.902665755608597 
2.088061301782113 2.7060118255469625 2.5903088618927277 4.539438291242649 4.147722266497599 4.650043010553771 4.3273317413852155 
0.7632168761236869 0.9871676655968866 3.440712135590538 3.2276926743418435 3.4169723440496274 3.041085332574543 
0.4866210024238615 2.809448344426357 2.667376988728815 2.7460881267723374 2.368142732184869 
2.4540986125255815 2.258428657274784 2.4324884377936904 2.057984450864486 
0.4850773134253966 0.3111269837220799 0.5200961449578297 
0.7576938695805845 0.7543208866258418 
0.37802116342871345 

0 5 3 1 4 4 4 1 3 2 3 2 2 4 1 4 
5 0 5 1 5 5 5 1 4 4 5 4 4 5 2 5 
4 5 0 1 1 2 3 1 1 1 1 1 1 1 1 3 
1 1 1 0 1 1 1 0 1 1 1 1 1 1 0 1 
4 5 1 1 0 1 3 1 1 1 1 1 1 1 1 2 
2 5 2 1 1 0 4 1 2 1 1 1 1 1 1 2 
3 5 2 1 1 2 0 1 2 1 1 1 1 2 1 3 
1 2 1 0 1 1 1 0 1 1 1 1 1 1 1 1 
1 5 1 1 1 2 4 1 0 1 1 1 1 1 1 3 
2 5 1 1 2 4 2 1 2 0 1 1 1 2 1 2 
1 4 1 1 1 1 1 1 1 2 0 1 1 1 1 1 
1 5 1 1 1 1 1 1 1 4 1 0 1 1 1 1 
2 4 1 1 1 1 2 1 1 1 3 1 0 2 1 2 
2 5 1 1 2 1 4 1 1 1 1 1 1 0 1 2 
1 2 1 0 1 1 1 1 1 1 1 1 1 1 0 1 
2 5 2 1 2 2 1 1 1 5 1 1 2 1 1 0 
17
2.5223203603031874 1.1933147112141003 2.8587060009731684 1.2149485585818014 3.6822954797245697 4.58694887697694 3.994521247909443 3.206555784638712 3.722633476451856 3.654654566439901 3.182153358969362 2.9567718883945053 2.4812899870833327 3.2387188825212982 3.153569406244296 2.7854802099458533 
3.693846233940982 3.751546347841115 2.943331445828007 5.375574387914282 3.5088744634141604 2.1900913222968597 2.516445906432323 1.4831385639919183 1.1573245007343471 0.6718630812896316 2.1084591530309504 1.808120571200934 2.1681328372588236 1.8250753409106164 3.908759393976561 
2.870435507026765 1.3635615130972263 3.552590604052202 5.596507839715763 5.150786347733711 4.220189569201833 4.91467191173531 4.837406329842469 4.3602408190374025 3.733430058270812 3.3047844105175748 4.0396658277634785 4.042499226963436 3.189686504971919 
1.6728717822953454 6.362334477218249 6.966929022173259 5.8964735223691145 5.674451515344896 5.23115665986023 4.744270228391299 4.304706726363597 2.1701843239688228 2.1073680267100987 2.4185326129701066 2.6874523251585316 5.642384247815811 
4.713385195377096 5.645121787880222 4.828923275431077 4.286642042438342 4.361754234250253 4.088642806604656 3.6033595435371106 2.435077000835909 2.051170397602306 2.745906043549196 2.8052985580861067 3.9804522356134338 
4.777216762927975 5.3994907167250545 3.8967807225965387 5.776997490046197 6.166441437328342 5.837893455691018 6.569383532722079 6.084414515793612 6.824954212300622 6.664900599408817 1.613195586406062 
1.57990506043876 1.3823530663329147 2.4982593940581923 3.2556412578783926 3.3405388786840984 5.614855296443533 5.277736257146619 5.672547928400429 5.318317403089066 3.2962099447699065 
1.5134728276384775 0.9304837451562497 1.6936646657470302 1.8542114226808137 4.2640004690431255 3.9965234892341113 4.272762572388033 3.902665755608597 3.7888916585196823 
2.088061301782113 2.7060118255469625 2.5903088618927277 4.539438291242649 4.147722266497599 4.650043010553771 4.3273317413852155 2.2939267643061325 
0.7632168761236869 0.9871676655968866 3.440712135590538 3.2276926743418435 3.4169723440496274 3.041085332574543 4.176086684924062 
0.4866210024238615 2.809448344426357 2.667376988728815 2.7460881267723374 2.368142732184869 4.60323799080604 
2.4540986125255815 2.258428657274784 2.4324884377936904 2.057984450864486 4.307505078348719 
0.4850773134253966 0.3111269837220799 0.5200961449578297 5.38092928777177 
0.7576938695805845 0.7543208866258418 4.902948092729516 
0.37802116342871345 5.601285566724839 
5.386399539581149 

0 5 4 1 4 4 4 1 4 2 4 2 3 4 1 4 4 
5 0 5 2 5 5 5 2 5 4 5 4 4 5 3 5 5 
4 5 0 1 1 3 3 1 1 1 1 1 1 1 1 2 4 
1 2 1 0 1 1 1 1 1 1 1 1 1 1 1 1 1 
4 5 2 1 0 2 3 1 1 1 1 1 2 1 1 2 2 
4 5 3 1 2 0 4 1 1 1 2 2 1 2 1 2 5 
2 5 2 1 2 4 0 1 2 1 2 1 1 2 1 3 3 
1 2 1 1 1 1 2 0 1 1 1 1 1 1 1 1 1 
2 5 2 1 2 2 4 1 0 1 3 1 1 2 1 2 5 
3 5 2 1 2 5 3 1 2 0 2 2 2 2 1 3 4 
1 4 1 1 1 1 1 1 1 2 0 1 1 1 1 1 1 
1 5 1 1 1 2 1 1 1 4 2 0 1 1 1 2 2 
2 4 1 1 1 2 2 1 1 1 2 1 0 1 1 2 4 
3 5 1 1 2 2 4 1 1 1 2 1 1 0 1 2 4 
1 3 1 1 1 1 1 1 1 1 1 1 1 1 0 1 2 
5 5 3 1 2 4 2 1 2 4 2 2 2 2 1 0 3 
4 5 3 1 2 4 4 1 2 1 3 1 2 2 1 4 0 
17
2.5223203603031874 1.1933147112141003 2.8587060009731684 1.2149485585818014 3.6822954797245697 4.58694887697694 3.994521247909443 3.206555784638712 3.722633476451856 3.654654566439901 3.182153358969362 2.9567718883945053 2.4812899870833327 3.2387188825212982 3.153569406244296 2.7854802099458533 
3.693846233940982 3.751546347841115 2.943331445828007 5.375574387914282 3.5088744634141604 2.1900913222968597 2.516445906432323 1.4831385639919183 1.1573245007343471 0.6718630812896316 2.1084591530309504 1.808120571200934 2.1681328372588236 1.8250753409106164 3.908759393976561 
2.870435507026765 1.3635615130972263 3.552590604052202 5.596507839715763 5.150786347733711 4.220189569201833 4.91467191173531 4.837406329842469 4.3602408190374025 3.733430058270812 3.3047844105175748 4.0396658277634785 4.042499226963436 3.189686504971919 
1.6728717822953454 6.362334477218249 6.966929022173259 5.8964735223691145 5.674451515344896 5.23115665986023 4.744270228391299 4.304706726363597 2.1701843239688228 2.1073680267100987 2.4185326129701066 2.6874523251585316 5.642384247815811 
4.713385195377096 5.645121787880222 4.828923275431077 4.286642042438342 4.361754234250253 4.088642806604656 3.6033595435371106 2.435077000835909 2.051170397602306 2.745906043549196 2.8052985580861067 3.9804522356134338 
4.777216762927975 5.3994907167250545 3.8967807225965387 5.776997490046197 6.166441437328342 5.837893455691018 6.569383532722079 6.084414515793612 6.824954212300622 6.664900599408817 1.613195586406062 
1.57990506043876 1.3823530663329147 2.4982593940581923 3.2556412578783926 3.3405388786840984 5.614855296443533 5.277736257146619 5.672547928400429 5.318317403089066 3.2962099447699065 
1.5134728276384775 0.9304837451562497 1.6936646657470302 1.8542114226808137 4.2640004690431255 3.9965234892341113 4.272762572388033 3.902665755608597 3.7888916585196823 
2.088061301782113 2.7060118255469625 2.5903088618927277 4.539438291242649 4.147722266497599 4.650043010553771 4.3273317413852155 2.2939267643061325 
0.7632168761236869 0.9871676655968866 3.440712135590538 3.2276926743418435 3.4169723440496274 3.041085332574543 4.176086684924062 
0.4866210024238615 2.809448344426357 2.667376988728815 2.7460881267723374 2.368142732184869 4.60323799080604 
2.4540986125255815 2.258428657274784 2.4324884377936904 2.057984450864486 4.307505078348719 
0.4850773134253966 0.3111269837220799 0.5200961449578297 5.38092928777177 
0.7576938695805845 0.7543208866258418 4.902948092729516 
0.37802116342871345 5.601285566724839 
5.386399539581149 

0 5 4 1 4 4 4 1 3 2 4 2 3 4 1 4 4 
5 0 5 2 5 5 5 2 5 4 5 4 4 5 2 5 5 
4 5 0 1 2 2 3 1 1 1 1 2 1 1 1 3 4 
1 2 1 0 1 1 1 1 1 1 1 1 1 1 1 1 1 
4 5 1 1 0 2 3 1 1 1 1 1 1 1 1 2 2 
4 5 2 1 2 0 4 1 2 1 2 2 2 2 1 2 5 
3 5 2 1 2 3 0 1 2 2 2 1 1 2 1 4 3 
1 2 1 1 1 1 1 0 1 1 1 1 1 1 1 1 1 
2 5 2 1 1 2 4 1 0 1 2 1 1 1 1 2 5 
4 5 2 1 2 5 4 1 2 0 4 1 2 2 3 3 4 
1 4 1 1 1 1 1 1 1 3 0 1 1 1 1 1 1 
1 5 1 1 1 1 1 1 1 4 2 0 1 1 1 2 2 
2 4 1 1 1 2 2 1 1 1 1 1 0 2 1 2 4 
3 5 1 1 2 2 4 1 1 1 1 1 1 0 1 2 4 
1 3 1 1 1 3 2 1 1 1 1 1 1 1 0 1 2 
2 5 3 1 2 3 4 1 2 5 2 1 2 2 1 0 3 
4 5 3 1 2 4 4 1 2 1 2 1 2 2 1 3 0 
17
2.5223203603031874 1.1933147112141003 2.8587060009731684 1.2149485585818014 3.6822954797245697 4.58694887697694 3.994521247909443 3.206555784638712 3.722633476451856 3.654654566439901 3.182153358969362 2.9567718883945053 2.4812899870833327 3.2387188825212982 3.153569406244296 2.7854802099458533 
3.693846233940982 3.751546347841115 2.943331445828007 5.375574387914282 3.5088744634141604 2.1900913222968597 2.516445906432323 1.4831385639919183 1.1573245007343471 0.6718630812896316 2.1084591530309504 1.808120571200934 2.1681328372588236 1.8250753409106164 3.908759393976561 
2.870435507026765 1.3635615130972263 3.552590604052202 5.596507839715763 5.150786347733711 4.220189569201833 4.91467191173531 4.837406329842469 4.3602408190374025 3.733430058270812 3.3047844105175748 4.0396658277634785 4.042499226963436 3.189686504971919 
1.6728717822953454 6.362334477218249 6.966929022173259 5.8964735223691145 5.674451515344896 5.23115665986023 4.744270228391299 4.304706726363597 2.1701843239688228 2.1073680267100987 2.4185326129701066 2.6874523251585316 5.642384247815811 
4.713385195377096 5.645121787880222 4.828923275431077 4.286642042438342 4.361754234250253 4.088642806604656 3.6033595435371106 2.435077000835909 2.051170397602306 2.745906043549196 2.8052985580861067 3.9804522356134338 
4.777216762927975 5.3994907167250545 3.8967807225965387 5.776997490046197 6.166441437328342 5.837893455691018 6.569383532722079 6.084414515793612 6.824954212300622 6.664900599408817 1.613195586406062 
1.57990506043876 1.3823530663329147 2.4982593940581923 3.2556412578783926 3.3405388786840984 5.614855296443533 5.277736257146619 5.672547928400429 5.318317403089066 3.2962099447699065 
1.5134728276384775 0.9304837451562497 1.6936646657470302 1.8542114226808137 4.2640004690431255 3.9965234892341113 4.272762572388033 3.902665755608597 3.7888916585196823 
2.088061301782113 2.7060118255469625 2.5903088618927277 4.539438291242649 4.147722266497599 4.650043010553771 4.3273317413852155 2.2939267643061325 
0.7632168761236869 0.9871676655968866 3.440712135590538 3.2276926743418435 3.4169723440496274 3.041085332574543 4.176086684924062 
0.4866210024238615 2.809448344426357 2.667376988728815 2.7460881267723374 2.368142732184869 4.60323799080604 
2.4540986125255815 2.258428657274784 2.4324884377936904 2.057984450864486 4.307505078348719 
0.4850773134253966 0.3111269837220799 0.5200961449578297 5.38092928777177 
0.7576938695805845 0.7543208866258418 4.902948092729516 
0.37802116342871345 5.601285566724839 
5.386399539581149 

0 5 4 1 4 4 4 1 3 2 4 2 3 4 1 4 4 
5 0 5 2 5 5 5 2 5 4 5 4 4 5 2 5 5 
4 5 0 1 3 2 3 1 1 1 1 1 1 1 1 3 4 
1 2 1 0 1 1 1 1 1 1 1 1 1 1 1 1 1 
4 5 1 1 0 1 3 1 1 1 1 1 1 1 1 2 2 
4 5 2 1 2 0 4 1 2 1 2 1 1 2 1 2 5 
3 5 2 1 2 3 0 1 2 2 2 1 1 2 1 4 4 
1 2 1 1 1 1 2 0 1 1 1 1 1 1 1 1 1 
2 5 1 1 2 3 4 1 0 1 2 1 1 2 1 2 5 
4 5 2 1 2 5 4 1 4 0 3 2 2 2 2 3 4 
1 4 1 1 1 1 1 1 1 3 0 1 1 1 1 1 1 
1 5 1 1 1 1 1 1 1 4 1 0 1 1 1 2 2 
2 4 1 1 1 1 2 1 1 1 2 1 0 2 1 2 4 
3 5 1 1 2 2 4 1 1 1 2 1 3 0 1 2 4 
1 3 1 1 1 3 1 1 1 1 1 1 1 1 0 1 2 
2 5 3 1 2 3 3 1 2 5 2 1 2 2 1 0 3 
4 5 3 1 2 4 4 1 2 1 3 1 2 2 1 3 0 
17
2.5223203603031874 1.1933147112141003 2.8587060009731684 1.2149485585818014 3.6822954797245697 4.58694887697694 3.994521247909443 3.206555784638712 3.722633476451856 3.654654566439901 3.182153358969362 2.9567718883945053 2.4812899870833327 3.2387188825212982 3.153569406244296 2.7854802099458533 
3.693846233940982 3.751546347841115 2.943331445828007 5.375574387914282 3.5088744634141604 2.1900913222968597 2.516445906432323 1.4831385639919183 1.1573245007343471 0.6718630812896316 2.1084591530309504 1.808120571200934 2.1681328372588236 1.8250753409106164 3.908759393976561 
2.870435507026765 1.3635615130972263 3.552590604052202 5.596507839715763 5.150786347733711 4.220189569201833 4.91467191173531 4.837406329842469 4.3602408190374025 3.733430058270812 3.3047844105175748 4.0396658277634785 4.042499226963436 3.189686504971919 
1.6728717822953454 6.362334477218249 6.966929022173259 5.8964735223691145 5.674451515344896 5.23115665986023 4.744270228391299 4.304706726363597 2.1701843239688228 2.1073680267100987 2.4185326129701066 2.6874523251585316 5.642384247815811 
4.713385195377096 5.645121787880222 4.828923275431077 4.286642042438342 4.361754234250253 4.088642806604656 3.6033595435371106 2.435077000835909 2.051170397602306 2.745906043549196 2.8052985580861067 3.9804522356134338 
4.777216762927975 5.3994907167250545 3.8967807225965387 5.776997490046197 6.166441437328342 5.837893455691018 6.569383532722079 6.084414515793612 6.824954212300622 6.664900599408817 1.613195586406062 
1.57990506043876 1.3823530663329147 2.4982593940581923 3.2556412578783926 3.3405388786840984 5.614855296443533 5.277736257146619 5.672547928400429 5.318317403089066 3.2962099447699065 
1.5134728276384775 0.9304837451562497 1.6936646657470302 1.8542114226808137 4.2640004690431255 3.9965234892341113 4.272762572388033 3.902665755608597 3.7888916585196823 
2.088061301782113 2.7060118255469625 2.5903088618927277 4.539438291242649 4.147722266497599 4.650043010553771 4.3273317413852155 2.2939267643061325 
0.7632168761236869 0.9871676655968866 3.440712135590538 3.2276926743418435 3.4169723440496274 3.041085332574543 4.176086684924062 
0.4866210024238615 2.809448344426357 2.667376988728815 2.7460881267723374 2.368142732184869 4.60323799080604 
2.4540986125255815 2.258428657274784 2.4324884377936904 2.057984450864486 4.307505078348719 
0.4850773134253966 0.3111269837220799 0.5200961449578297 5.38092928777177 
0.7576938695805845 0.7543208866258418 4.902948092729516 
0.37802116342871345 5.601285566724839 
5.386399539581149 

0 5 4 1 4 4 4 1 4 2 4 2 3 4 1 4 4 
5 0 5 2 5 5 5 2 5 4 5 4 4 5 2 5 5 
4 5 0 1 2 2 3 1 1 1 1 1 1 1 1 3 4 
1 1 1 0 1 1 1 1 1 1 1 1 1 1 1 1 1 
4 5 1 2 0 1 4 1 1 1 1 1 1 1 1 2 2 
3 5 3 1 2 0 4 1 2 1 2 1 1 2 1 2 5 
3 5 2 1 2 3 0 1 2 1 2 1 1 2 1 3 4 
1 2 1 1 1 1 2 0 1 1 1 1 1 1 1 1 1 
2 5 2 1 1 2 4 1 0 1 2 1 1 2 1 2 5 
3 5 2 1 2 5 3 1 2 0 2 2 1 2 2 3 4 
1 5 1 1 1 1 1 1 1 3 0 1 1 1 1 1 1 
1 5 2 1 1 2 1 1 1 4 2 0 1 1 1 2 2 
2 4 1 1 1 1 2 1 1 1 2 1 0 2 1 2 4 
3 5 1 1 2 1 4 1 1 1 1 1 2 0 1 2 4 
1 3 1 1 1 2 1 1 1 1 1 1 1 1 0 1 2 
2 5 3 1 2 3 4 1 2 5 2 1 2 2 1 0 4 
4 5 2 1 2 3 4 1 3 1 2 1 1 2 1 3 0 
17
2.5223203603031874 1.1933147112141003 2.8587060009731684 1.2149485585818014 3.6822954797245697 4.58694887697694 3.994521247909443 3.206555784638712 3.722633476451856 3.654654566439901 3.182153358969362 2.9567718883945053 2.4812899870833327 3.2387188825212982 3.153569406244296 2.7854802099458533 
3.693846233940982 3.751546347841115 2.943331445828007 5.375574387914282 3.5088744634141604 2.1900913222968597 2.516445906432323 1.4831385639919183 1.1573245007343471 0.6718630812896316 2.1084591530309504 1.808120571200934 2.1681328372588236 1.8250753409106164 3.908759393976561 
2.870435507026765 1.3635615130972263 3.552590604052202 5.596507839715763 5.150786347733711 4.220189569201833 4.91467191173531 4.837406329842469 4.3602408190374025 3.733430058270812 3.3047844105175748 4.0396658277634785 4.042499226963436 3.189686504971919 
1.6728717822953454 6.362334477218249 6.966929022173259 5.8964735223691145 5.674451515344896 5.23115665986023 4.744270228391299 4.304706726363597 2.1701843239688228 2.1073680267100987 2.4185326129701066 2.6874523251585316 5.642384247815811 
4.713385195377096 5.645121787880222 4.828923275431077 4.286642042438342 4.361754234250253 4.088642806604656 3.6033595435371106 2.435077000835909 2.051170397602306 2.745906043549196 2.8052985580861067 3.9804522356134338 
4.777216762927975 5.3994907167250545 3.8967807225965387 5.776997490046197 6.166441437328342 5.837893455691018 6.569383532722079 6.084414515793612 6.824954212300622 6.664900599408817 1.613195586406062 
1.57990506043876 1.3823530663329147 2.4982593940581923 3.2556412578783926 3.3405388786840984 5.614855296443533 5.277736257146619 5.672547928400429 5.318317403089066 3.2962099447699065 
1.5134728276384775 0.9304837451562497 1.6936646657470302 1.8542114226808137 4.2640004690431255 3.9965234892341113 4.272762572388033 3.902665755608597 3.7888916585196823 
2.088061301782113 2.7060118255469625 2.5903088618927277 4.539438291242649 4.147722266497599 4.650043010553771 4.3273317413852155 2.2939267643061325 
0.7632168761236869 0.9871676655968866 3.440712135590538 3.2276926743418435 3.4169723440496274 3.041085332574543 4.176086684924062 
0.4866210024238615 2.809448344426357 2.667376988728815 2.7460881267723374 2.368142732184869 4.60323799080604 
2.4540986125255815 2.258428657274784 2.4324884377936904 2.057984450864486 4.307505078348719 
0.4850773134253966 0.3111269837220799 0.5200961449578297 5.38092928777177 
0.7576938695805845 0.7543208866258418 4.902948092729516 
0.37802116342871345 5.601285566724839 
5.386399539581149 

0 5 3 1 4 4 4 1 3 2 3 2 2 4 1 4 4 
5 0 5 1 5 5 5 1 4 4 5 4 4 5 2 5 5 
4 5 0 1 1 2 3 1 1 1 1 1 1 1 1 3 3 
1 1 1 0 1 1 1 0 1 1 1 1 1 1 0 1 1 
4 5 1 1 0 1 3 1 1 1 1 1 1 1 1 2 2 
2 5 2 1 1 0 4 1 2 1 1 1 1 1 1 2 5 
3 5 2 1 1 2 0 1 2 1 1 1 1 2 1 3 3 
1 2 1 0 1 1 1 0 1 1 1 1 1 1 1 1 1 
1 5 1 1 1 2 4 1 0 1 1 1 1 1 1 3 5 
2 5 1 1 2 4 2 1 2 0 1 1 1 2 1 2 4 
1 4 1 1 1 1 1 1 1 2 0 1 1 1 1 1 1 
1 5 1 1 1 1 1 1 1 4 1 0 1 1 1 1 2 
2 4 1 1 1 1 2 1 1 1 3 1 0 2 1 2 4 
2 5 1 1 2 1 4 1 1 1 1 1 1 0 1 2 4 
1 2 1 0 1 1 1 1 1 1 1 1 1 1 0 1 1 
2 5 2 1 2 2 1 1 1 5 1 1 2 1 1 0 3 
3 5 2 1 2 3 4 1 2 1 2 1 2 2 1 3 0 
